64
0 2 210
9 1
0 3 2 3087 3118 3119 3151 2819 2822 2833 2885 2897 2907 2920 2940 2958 2961 1645 1653 1659 1657 1667 1678 1714 1715 1718 1719 1720 1727 1735 1730 1740 1762 1766 1788 1794 1801 1805 1808 1823 1833 1842 1848 1858 1859 1869 1879 1893 1905 1915 1918 1922 1926 1928 1950 1991 2004 2011 2033 2074 2071 2089 2095 2101 2111 2117 2113 2120 2124 2126 2133 2146 2147 2149 2162 2164 2165 2177 2178 2181 2185 2193 2196 2219 2223 2226 2231 2233 2239 2247 2263 2291 2299 2327 2332 2686 2734 2741 2749 2750 2755 2763 2784 2799 2229 2279 2280 2346 2364 2367 2377 2393 2401 2407 2412 2421 2422 2423 2426 2432 2430 2445 2453 2454 2462 2474 2479 2486 2482 2483 2508 2511 2525 4335 4340 4218 4225 4270 4286 4107 4119 4158 4187 4191 4190 4193 3965 3991 3993 4002 4016 4055 4052 4068 4083 4086 4085 4088 3867 3884 3890 3905 3909 3914 3937 3945 3693 3728 3749 3773 3804 3809 3551 3586 3609 3619 3650 3667 3670 3428 3446 3457 3461 3481 3488 3511 3523 3289 3324 3364 3384 3389 3393 3170 3181 3203 3230 3231 3237 3260 3265 3153 3287 2983 2994 3021 3031 5376 5377 5404
1 2 198
2 131
0 2 4983 4984 4988 4992 4997 4994 4996 5003 5004 5006 4334 4339 4343 4382 4391 4390 4394 4408 4414 4432 4433 4434 4440 4451 4216 4226 4231 4241 4246 4253 4251 4260 4261 4263 4278 4275 4285 4286 4283 4304 4307 4308 4328 4089 4092 4095 4103 4114 4136 4138 4139 4144 4141 4153 4161 4159 4185 4207 4641 4648 4651 4660 4664 4672 4677 4676 4680 4689 4696 4692 4705 4711 4739 4746 4748 4548 4562 4567 4573 4574 4589 4593 4594 4601 4609 4623 4630 4634 4856 4887 4892 4890 4899 4909 4913 4916 4920 4921 4922 4928 4938 4943 4949 4950 4948 4955 4960 4749 4752 4775 4773 4785 4809 4831 4835 4836 4837 4844 4847 4848 4850 4467 4472 4487 4489 4486 4493 4505 4506 4516 4517 4535 4539 4538 4544 4551 4563 4564 4583 4584 4604 4631 4057 4058 4062 4068 4074 4075 4085 4088 3166 3175 3181 3196 3199 3206 3213 3214 3222 3230 3254 3260 3268 3278 3283 3163 3054 3055 3060 3073 3075 3083 3086 3115 3119 3120 3130 3131 3142 3145 2978 2981 2992 2994 2997 3003 3017 3023 3020 3030 3029 3034 3041 5376 5389 5404
2 2 56
3 102
0 2 3046 3059 3054 3023 2973 2976 2978 2989 3002 3004 3073 3076 3079 3080 3089 3104 3118 3128 3129 3127 3132 3138 3140 3143 3144 3142 3152 2981 2982 2997 2998 3016 3030 3029 3034 3039 3968 3980 4007 3810 4228 4247 5093 5096 5101 4994 5009 5012 5030 5033 5045 5387 5376 5404
3 2 157
27 4
0 2 3 5000 5095 5377 3386 3417 3442 3447 3551 3590 3594 3611 3650 3655 3693 3719 3729 3728 3753 3756 3773 3878 4218 4229 4332 4353 4390 4394 4407 4866 4902 4904 4943 4964 4969 4973 4559 4588 4642 4661 4704 4706 4718 4810 4831 4001 4026 4030 4084 4127 4151 4152 2776 2773 3284 3164 3219 3230 3252 3253 2983 3130 2907 2941 2955 1291 1300 1305 1309 1313 1315 1319 1316 1152 1157 1176 1182 1183 1269 1280 1288 1290 785 805 809 817 818 844 846 873 886 898 902 916 923 931 937 941 969 974 976 980 995 1003 1012 1009 1026 1024 1059 1064 1077 1085 1086 1083 1108 1127 1128 1129 1137 1142 1146 668 672 679 693 696 700 701 717 811 816 821 866 876 711 765 775 648 653 655 658 663 660 1172 1184 1192 1193 1194 1204 1235 1246 1265 1278 5376 5404
4 2 168
13 46
0 2 3 1235 1265 1095 944 954 957 961 788 851 688 696 579 631 474 529 368 394 406 409 255 1328 1387 1422 1436 1438 1465 1471 1482 1491 1509 1521 1532 1539 1544 1549 1552 1553 1560 1566 1584 1599 1601 1613 1617 1631 1629 1644 1657 1680 1684 1690 1691 1686 1688 1695 1699 1700 1706 1707 1703 1704 1705 1710 1716 1723 1726 1725 1734 1731 1732 1738 1744 1746 1748 1751 1768 1782 1786 1777 1783 1796 1804 1814 1817 1827 1828 1838 1843 1849 1859 1869 1885 1908 1910 1917 1921 1926 1927 1944 1974 1978 1981 1984 1990 1987 1995 2006 2008 2032 2035 2049 2050 2057 2062 2074 2085 2086 2104 2105 2111 2113 2121 2122 2125 2151 2154 2162 2165 2174 2177 2184 2188 2198 2202 2206 2210 2212 2218 2219 2223 2224 2226 2234 2242 2239 2240 2264 2260 2262 2268 2269 2279 2277 2282 2296 2300 2301 2305 2311 2314 2323 2328 5378 5377 5404
5 2 238
116 14
0 2 3 833 842 859 867 869 873 888 889 891 897 914 915 919 928 938 936 937 950 953 955 959 969 976 978 986 995 999 1000 1004 1012 1014 1019 1026 1027 1032 1029 1036 1037 1048 1064 1082 1085 1086 1096 1100 1105 1106 1111 1112 1116 1115 1124 1127 1128 1136 1142 1147 1146 1150 1151 1157 1158 1161 1169 1182 1183 1179 1186 1196 1277 1287 1288 1290 1291 1303 1309 1316 1322 1323 1332 1336 1339 2929 3042 3058 3055 3077 3083 3081 3119 3041 3181 3187 3206 3214 3235 3236 3238 3252 3264 3269 3294 3293 3299 3302 3314 3315 3330 3348 3353 3364 3369 3366 3370 3380 3389 3395 3406 3409 3410 3412 3416 3420 3425 3430 3431 3442 3444 3446 3461 3472 3473 3477 3483 3491 3492 3493 3494 3497 3509 3504 3511 3512 3519 3520 3523 3524 3529 3544 3546 3547 3566 3564 3580 3582 3577 3583 3591 3590 3595 3596 3601 3594 3599 3603 3604 3609 3605 3607 3634 3647 3651 3652 3653 3660 3667 3673 3686 3687 3693 3690 3701 3702 3703 3705 3710 3712 3715 3719 3727 3730 3731 3732 3735 3736 3737 3738 3744 3739 3740 3752 3754 3771 3780 3790 3787 3789 3803 3804 3805 3813 3823 3829 3838 3837 3851 3856 3857 3874 3878 3890 3886 3893 3914 3938 3960 3971 3967 5377 2761 2770 2810 2814 5388 5404
6 2 239
82 15
0 3 2 3181 3189 3200 3234 3237 3241 3247 3264 3272 3276 3277 3289 3299 3312 3347 3378 3392 3427 3453 3457 3461 3481 3491 3493 3497 3509 3517 3540 3553 3571 3595 3603 3605 3634 3660 3670 3684 3705 3753 3782 3785 3791 3797 3819 3820 3823 3833 3845 3857 3854 3874 3877 3890 3886 3888 3909 3936 3945 3948 3955 3960 3961 3957 3963 3984 3982 3990 3991 3997 3994 4005 4008 4009 4016 4033 4038 4047 4056 4052 4067 4068 4072 4080 4083 4086 4085 4088 4334 4335 4353 4360 4358 4387 4395 4409 4436 4435 4214 4225 4224 4276 4300 4308 4324 4152 4191 4192 4198 4199 4462 4494 4519 4522 4537 4543 4568 4576 4603 4617 4641 4657 4718 4779 4786 4824 4831 4837 4856 4864 4872 4881 4887 4888 4891 4903 4904 5377 1527 2073 2097 2101 2104 2109 2107 2116 2124 2145 2179 2181 2184 2188 2189 2195 2199 1944 1948 1950 1953 1955 1974 1978 1984 1997 1999 2005 2008 2015 2022 2024 2028 2029 2033 2046 2047 1827 1828 1831 1836 1834 1845 1848 1862 1863 1882 1905 1917 1919 1927 1700 1698 1702 1719 1723 1741 1745 1753 1757 1764 1769 1781 1783 1789 1792 1811 1560 1572 1577 1582 1590 1593 1599 1612 1617 1624 1629 1630 1637 1643 1636 1645 1644 1653 1660 1656 1677 1678 1692 3063 3079 3100 3115 3126 3132 3163 5383 5404
7 2 148
88 16
0 2 3 241 246 255 258 295 588 646 661 458 477 480 524 784 785 790 807 817 822 833 834 835 838 844 841 850 856 861 863 873 869 877 893 902 670 668 672 692 690 696 704 716 733 741 746 749 757 775 780 777 1048 1059 1057 1064 1065 1068 1084 1086 1087 1089 1111 1116 1129 1136 1137 1139 1142 1144 1146 1150 917 923 925 928 934 939 941 936 937 943 951 955 960 971 974 990 987 992 995 1005 1012 1018 1025 1022 1023 1024 1029 1034 1331 1151 1153 1156 1157 1158 1235 1257 1840 1852 1890 1917 1928 2043 2045 2050 1831 1855 1868 1885 1904 1927 1780 1782 1786 1800 1804 1802 1803 1608 1645 1464 1469 1474 1495 2069 2091 2128 2164 2178 2188 2277 2314 2337 2347 5387 5377 5404
8 2 222
17 91
0 2 3 5095 1688 1442 1443 1448 1449 1446 1455 1453 1473 1472 1491 1489 1298 1309 1323 1332 1336 1334 1340 1347 1354 1356 1357 1364 1366 1368 1378 1379 1389 1390 1395 1396 1394 1399 1403 1409 1407 1410 1413 1414 1417 1411 1416 1420 1152 1157 1163 1167 1172 1176 1181 1179 1184 1185 1205 1213 1224 1228 1232 1233 1247 1253 1260 1266 1280 1287 1288 1290 1116 1126 1127 1129 1133 1142 1718 1726 1750 1777 1784 1802 1831 1865 1878 1924 1929 1984 1990 2077 2124 2178 2188 2210 2223 2225 2237 2269 2325 2377 2378 2380 2385 2408 2435 2439 2464 2564 2567 2571 2596 2603 2652 2664 2661 2691 2693 2749 2763 2798 3054 3091 3100 3103 3116 3131 2892 2898 2917 3170 3178 3175 3181 3187 3203 3218 3237 3276 3296 3302 3303 3314 3355 3380 3381 3394 3395 3409 3444 3446 3477 3486 3513 3539 3580 3630 3640 3719 3773 3789 3799 3805 3806 3823 3829 3833 3841 3861 3910 3918 3986 3998 4003 4025 4052 4072 4085 4086 4149 4164 4179 4191 4246 4341 4350 4376 4400 4409 4414 4415 4426 4505 4515 4557 4558 4556 4567 4583 4597 4607 4630 4636 4648 4673 4677 4739 4808 4824 4834 4867 4900 4909 4910 4928 4948 4954 4967 5377 5385 5404
9 2 118
96 18
0 3 2 4030 4043 4065 4073 766 652 433 436 328 331 336 341 347 351 357 359 377 391 397 411 421 422 232 234 236 237 241 246 244 248 250 254 255 260 258 259 274 283 281 282 285 288 291 292 296 293 295 303 305 317 314 316 321 326 201 208 211 215 219 218 220 221 1158 1216 1248 1261 1268 1313 1314 1325 1343 1350 1387 1408 1412 1458 1466 1536 1087 944 895 908 910 1772 1912 1942 1949 2740 2756 2589 2594 3437 3442 3572 3607 3625 3657 3721 3727 3737 3810 3816 3824 3830 4753 4679 4697 4706 4713 4721 4726 5377 2319 5386 5404
10 2 180
80 19
0 3 2 3442 3572 3727 3737 3830 4141 4159 4179 4197 4202 4205 3972 3987 4018 4024 4055 4068 4071 4079 4085 4107 4126 4167 4175 4186 4189 4204 4214 4226 4233 4249 4262 4278 4280 4276 4288 4350 4356 4360 4384 4387 4409 4416 4436 4434 4439 4445 4458 4462 4473 4475 4482 4487 4489 4486 4491 4494 4508 4512 4519 4521 4525 4538 4556 4559 4561 4562 4571 4572 4580 4586 4592 4595 4602 4612 4609 4610 4632 4637 4635 4651 4653 4659 4655 4656 4661 4667 4672 4677 4679 4676 4687 4697 4703 4713 4721 4723 4720 4751 4764 4767 4774 4782 4792 4797 4796 4808 4844 4917 4963 5007 5377 895 908 910 688 766 652 944 1314 1536 1825 1828 1846 1855 1854 1857 1866 1882 1892 1909 1915 1919 1926 1931 1734 1752 1766 1778 1792 1793 1811 1808 1816 1658 1657 1690 1693 1942 1954 1990 2038 2053 2069 2079 2085 2094 2095 2099 2121 2134 2140 2177 2178 2185 2188 2216 2236 2242 2249 2296 2305 2307 2329 2327 5386 5404
11 2 135
20 5
0 3 2 1562 1565 1577 1582 1584 1588 1595 1597 1592 1599 1600 1608 1613 1611 1612 1617 1621 1622 1624 1625 1626 1638 1636 1640 1641 1645 1644 1424 1430 1432 1442 1443 1448 1445 1447 1456 1453 1458 1462 1463 1474 1480 1491 1489 1500 1507 1515 1516 1520 1532 1542 1545 1552 1549 1294 1309 1316 1321 1322 1323 1326 1331 1336 1339 1340 1341 1344 1347 1346 1354 1356 1360 1363 1375 1378 1385 1388 1394 1398 1399 1400 1405 1403 1412 1414 1186 1194 1223 1061 1076 1086 1108 1126 1128 1129 1145 936 960 965 983 1006 1031 790 844 850 915 672 722 746 753 770 541 647 449 454 466 489 499 523 352 365 397 400 423 424 428 266 295 220 5376 5377 5404
12 2 203
21 79
0 3 2 258 346 352 362 371 372 396 397 412 421 423 440 506 513 510 524 573 578 599 603 605 622 632 633 637 648 668 691 692 716 735 747 765 783 785 799 806 811 841 850 870 877 878 890 898 902 921 948 949 960 980 983 981 1006 1015 1034 1049 1064 1066 1076 1077 1082 1093 1112 1126 1127 1129 1143 1147 1153 1171 1186 1211 1219 1227 1249 1257 1259 1266 1270 1282 1285 1294 1303 1316 1317 1341 1354 1356 1390 1392 1394 1399 1420 2204 2208 2222 2236 2258 2288 2290 2311 2328 2329 2332 2061 2064 2074 2083 2101 2121 2122 2126 2131 2194 1936 1956 1979 1990 2006 2033 2057 1823 1827 1835 1836 1842 1852 1857 1872 1877 1884 1881 1887 1895 1905 1911 1915 1922 1925 1930 1697 1719 1721 1723 1734 1752 1754 1771 1778 1792 1790 1811 1808 1809 1818 1561 1576 1588 1586 1597 1600 1610 1617 1620 1622 1634 1639 1641 1642 1646 1656 1665 1666 1671 1674 1679 1683 1681 1687 1692 1693 1498 1501 1503 1515 1516 1518 1520 1523 1524 1534 1545 1552 1551 1554 1559 5385 5377 5404
13 2 163
22 87
0 2 3 5377 1157 1159 1050 1057 1076 1085 1090 1089 1105 1112 1115 1120 1128 1135 1136 1139 1142 1146 931 936 942 960 971 975 989 1017 1023 1031 791 821 833 866 873 883 916 668 670 691 708 716 717 734 740 765 770 779 340 347 357 359 366 398 402 241 246 248 258 278 297 306 319 325 208 219 435 438 445 451 456 457 465 490 496 500 503 510 519 599 600 601 607 623 636 643 644 648 662 3301 3334 3338 3353 3355 3398 3395 3412 3417 3461 3481 3493 3522 3530 3555 3582 3603 3609 3639 3670 3960 3985 3987 3992 3993 3995 3999 4030 4046 4050 4052 4058 4062 4070 4068 4086 3845 3880 3907 3926 3928 3929 3948 3725 3737 3739 3781 3790 3803 3833 4114 4121 3170 3180 3181 3196 3202 3199 3200 3230 3252 3254 3284 3060 3070 3086 3098 3131 3147 2998 5383 5404
14 2 80
28 94
0 3 2 1316 1344 1359 941 942 948 976 994 995 1313 1315 1330 1336 1337 1347 1350 1159 1160 1167 1168 1181 1195 1250 1257 1261 1276 1277 1278 1290 1048 1063 1064 1082 1085 1105 1116 1128 1136 669 668 732 744 747 777 548 573 596 617 454 457 464 471 510 516 528 807 817 863 866 873 5377 4332 4335 4358 4415 4451 4856 4866 4948 4969 4808 4810 4847 4642 4609 5386 5404
15 2 129
84 30
0 3 2 1599 1629 1235 1070 1077 1080 1085 1086 1088 1096 1105 1103 668 670 685 690 728 748 747 750 752 754 757 761 799 818 848 863 879 895 908 914 915 955 961 959 978 994 1005 1027 1024 1031 553 551 562 567 582 579 607 617 625 626 651 655 663 438 439 457 466 474 489 498 505 510 529 331 336 342 344 356 359 357 363 368 375 421 246 252 247 248 250 255 260 258 264 271 274 277 283 296 293 295 303 306 314 204 208 210 218 219 1509 1584 1690 1700 1738 1739 1756 1757 1765 1818 5385 2896 2894 2915 2940 2954 1835 1873 1878 1888 1897 1920 1925 1949 5377 5404
16 2 120
92 31
0 2 3 1159 1161 1167 1168 1172 1176 1182 1179 1185 1194 1196 1200 1207 1231 1250 1247 1261 1280 1287 1288 1289 1290 1291 1294 1301 1305 1313 1316 1321 1322 1323 1336 1341 1364 1370 1375 1376 1382 1388 1396 1399 1405 1408 1412 1414 1417 1422 1421 1428 1431 1437 1434 1435 1449 1457 1453 1458 1462 1473 1474 1476 1481 1472 1477 1480 1488 1491 1494 1490 1497 1500 1507 1517 1525 1532 1535 1534 1600 1604 1618 1702 1712 1791 1819 1834 1842 1846 1852 1857 1941 1950 1954 1983 1990 2028 2032 2045 2047 2059 2075 2103 2125 2126 2145 2168 2178 2187 2210 2236 2234 2249 2250 2267 2263 5387 5377 5404
17 2 140
32 117
0 2 3 209 277 307 327 324 345 350 356 373 386 400 466 476 513 510 522 555 615 618 637 643 661 685 774 777 800 804 825 865 873 902 914 917 920 960 965 1001 1125 1128 1136 1153 1174 1182 1194 1202 1231 1260 1275 1288 1309 1317 1701 1747 1751 1758 1779 1777 1786 1789 1797 1805 1806 1811 1817 1814 1645 1648 1653 1661 1675 1685 1687 1693 1947 1954 1967 1994 1999 2006 2011 2021 2031 1834 1855 1861 1864 1879 1887 1908 1910 1915 1922 2206 2231 2238 2239 2241 2277 2291 2071 2082 2079 2084 2095 2103 2105 2109 2124 2122 2151 2162 2185 2183 2188 2242 2267 2281 2289 2334 2337 2346 2353 2359 2364 2389 2400 2401 2410 2415 2421 2423 2434 2430 2431 5388 5377 5404
18 2 125
33 121
0 3 2 631 652 1152 1156 1162 1166 1167 1174 1182 1188 1211 1217 1218 1224 1231 1242 1244 1259 1261 1264 1265 1267 1270 1272 1277 1044 1048 1059 1064 1076 1085 1087 1088 1095 1096 1108 1112 1116 1120 1128 1135 1136 1142 1148 1149 1146 944 954 957 969 974 978 984 987 995 999 1000 1008 1022 1032 1033 1034 1030 1031 788 851 910 688 696 766 394 406 409 1153 1159 1165 1169 1194 1196 1198 1207 1227 1233 1235 1252 1256 1257 1269 1274 1280 1288 1290 1601 1664 1498 1294 1297 1309 1318 1316 1323 1331 1336 1334 1346 1364 1375 1387 1699 1706 1799 1831 1873 1904 1703 1705 1716 1717 1731 5389 5377 5404
19 2 136
40 65
0 3 2 2789 2634 1316 917 1128 2318 2339 2343 2344 2351 2357 2359 2360 2373 2386 2393 2396 2406 2407 2413 2421 2430 2437 2439 2449 2456 2463 2508 1937 1940 1945 1948 1966 1967 1971 1973 1978 1980 1981 1984 1994 1997 1998 2002 2014 2011 2021 2022 2023 2040 2041 2042 2050 2052 2054 2061 2064 2069 2071 2075 2076 2079 2083 2091 2097 2098 2101 2102 2103 2104 2106 2118 2115 2122 2126 2134 2141 2149 2160 2162 2172 2178 2179 2181 2188 2194 2195 2207 2244 2250 2251 2286 2361 2369 2435 2444 2451 2460 2476 2481 2489 2210 2212 2238 2240 2253 2300 2303 2308 2309 2315 2321 2322 2330 2337 2342 2346 1917 1922 1927 1931 4201 4867 4899 4904 4905 4910 4954 4987 5000 5377 5381 5404
20 2 286
48 68
0 2 4891 4895 4898 4899 4901 4897 4902 4904 4905 4755 4765 4762 4777 4778 4781 4784 4785 4792 4797 4794 4811 4819 4824 4827 4833 4836 4847 4851 4850 4641 4640 4642 4646 4651 4658 4655 4656 4660 4664 4670 4672 4677 4674 4682 4689 4692 4693 4694 4710 4712 4720 4723 4729 4739 4548 4554 4559 4563 4565 4619 4460 4462 4475 4478 4482 4483 4491 4493 4519 4527 4532 4535 4542 4543 4568 4573 4607 4615 4617 4623 4627 4635 4208 4216 4219 4224 4225 4231 4250 4254 4257 4261 4275 4276 4294 4307 4324 4089 4098 4099 4104 4109 4114 4125 4137 4138 4142 4151 4153 4155 4164 4167 4179 4193 4197 4196 4205 4207 3687 3712 3715 3716 3719 3737 3743 3744 3751 3749 3759 3765 3782 3837 3550 3565 3568 3581 3582 3583 3598 3627 3636 3642 3648 3655 3664 3684 3403 3432 3439 3446 3451 3463 3477 3481 3486 3504 3511 3512 3514 3524 3288 3294 3315 3323 3333 3351 3363 3376 3389 3398 3167 3175 3180 3181 3189 3186 3192 3196 3199 3203 3218 3223 3230 3252 3261 3275 3283 2992 2997 3054 3058 3059 3068 3072 3076 3085 3092 3098 3099 3105 3109 3118 3125 3126 3127 3129 3139 3147 3152 3846 3857 3861 3874 3878 3881 3884 3888 3895 3899 3907 3911 3909 3914 3942 3997 3994 3995 4001 4010 4011 4012 4019 4020 4026 4033 4042 4045 4055 4052 4057 4067 4071 4083 4085 4088 4340 4341 4348 4350 4356 4357 4366 4376 4372 4377 4380 4392 4404 4424 4423 4430 4431 4436 4447 4451 4853 4856 4859 4857 4858 4861 4865 4866 4864 4877 4884 4886 4887 4892 4893 4888 5381 5378 5404
21 2 199
112 50
0 2 2706 2711 2725 2728 2764 2766 2773 2791 2792 2821 2839 2861 2865 2877 2896 2893 2894 2921 2925 2924 2936 2940 2942 2945 2952 2672 2709 2710 2715 2732 2802 2524 2530 2528 2538 2549 2554 2559 2560 2572 2583 2580 2598 2616 2620 2627 2631 2639 2663 2661 2668 2363 2364 2371 2421 2426 2440 2444 2451 2458 2493 2514 2330 2337 3945 3958 3961 3972 3998 3994 4009 4015 4012 4029 4030 4026 4032 4033 4042 4048 4055 4050 4060 4071 4082 4100 4114 4132 4136 4153 4158 4161 4164 4175 4179 4186 4200 4201 4205 4206 4207 4208 4214 4215 4223 4226 4228 4233 4231 4242 4266 4275 4277 4295 4310 4317 4320 4325 4340 4357 4375 4376 4381 4380 4388 4415 4428 4431 4446 4467 4479 4494 4503 4516 4515 4519 4522 4525 4551 4559 4570 4567 4578 4584 4580 4586 4587 4603 4605 4612 4613 4614 4617 4622 4626 4629 4634 4652 4653 4657 4659 4662 4667 4668 4674 4686 4689 4708 4722 4734 4735 4751 4754 4761 4775 4777 4779 4784 4785 4791 4800 4807 4804 4811 4830 4831 4833 4838 4842 4844 4850 529 395 1236 5378 5387 5404
22 2 106
51 86
0 2 798 817 818 822 823 844 842 873 670 668 679 689 690 716 728 746 748 770 775 777 542 545 547 564 570 602 607 604 618 623 642 643 644 648 661 435 439 454 457 465 473 480 510 519 525 528 531 331 333 336 341 350 351 357 359 389 413 423 241 244 248 250 258 275 276 283 285 296 300 306 317 325 202 208 210 220 219 223 228 230 4247 4323 4192 3980 3994 4007 4013 4339 4644 4654 4679 4697 4713 4721 4596 4604 4606 4615 4617 4618 4628 5382 5378 5404
23 2 217
52 77
0 3 2 3196 3218 2525 2527 2529 2541 2549 2558 2555 2560 2563 2578 2598 2606 2616 2639 2641 2654 2663 2660 2666 2364 2386 2387 2407 2421 2433 2437 2458 2459 2490 2508 2510 2210 2215 2219 2258 2263 2269 2280 2282 2283 2296 2317 2338 2342 2348 1879 1712 1744 1749 1767 1786 1801 1803 3050 3030 3168 3180 3181 3252 3265 2989 3013 3014 3070 3078 3098 3117 3126 3133 3131 3147 3149 3150 3296 3325 3380 3384 3395 3409 3410 3411 3427 3428 3431 3446 3453 3461 3472 3503 3512 3520 3528 3530 3539 3540 3544 3547 3553 3577 3582 3590 3603 3604 3605 3607 3618 3636 3652 3655 3674 3683 3696 3702 3712 3715 3719 3725 3727 3737 3739 3740 3785 3803 3819 3830 3837 3858 3873 3886 3905 3928 3966 3971 4011 4026 4062 4068 4071 4079 4080 4086 4088 4091 4095 4100 4107 4105 4108 4110 4111 4112 4118 4125 4127 4123 4130 4138 4139 4149 4158 4162 4168 4169 4173 4177 4178 4202 4205 4207 4208 4240 4236 4246 4247 5379 1694 1236 1833 1839 1859 1923 1924 1983 2024 2676 2697 2709 2711 2725 2763 2767 2768 2782 2789 2806 2826 2834 2857 2865 2869 2898 2900 2904 2911 2914 2921 2925 2940 2941 2952 5383 5404
24 2 218
81 54
0 2 3 208 261 269 299 325 352 362 435 440 449 562 624 747 770 793 878 917 918 928 932 995 1015 1025 1022 1063 1086 1111 1113 1127 1147 1196 1245 1262 1282 1309 1313 1316 1343 1375 1431 1436 1468 1471 1476 1514 1539 1552 1564 1588 1587 1592 1613 1617 1622 1704 1732 1770 1777 1780 1800 1801 1834 1838 1889 1891 1917 2025 2033 2045 2069 2073 2076 2078 2086 2095 2104 2108 2109 2117 2122 2125 2130 2132 2137 2139 2147 2151 2149 2174 2170 2178 2180 2181 2214 2226 2230 2236 2234 2238 2249 2252 2270 2271 2278 2283 2284 2288 2292 2293 2308 2306 2332 2336 2341 2350 2352 2359 2365 2369 2372 2374 2383 2384 2386 2387 2399 2395 2402 2409 2411 2407 2413 2421 2430 2439 2451 2464 2474 2476 2482 2484 2493 2495 2503 2511 2520 2525 2541 2549 2563 2579 2582 2591 2601 2602 2608 2616 2621 2625 2635 2634 2643 2649 2655 2669 2666 2674 2676 2679 2680 2699 2725 2724 2734 2731 2732 2741 2742 2744 2763 2767 2765 2770 2774 2778 2784 2789 2786 2794 2815 2825 2826 2832 2853 2862 2929 2936 2941 3052 3068 3076 3103 3138 3150 3170 3196 3199 3207 3218 3239 3254 3155 5384 5379 5404
25 2 186
56 73
0 2 3 5101 652 944 895 1158 1268 1087 1458 1466 1536 1314 1325 1350 1387 1408 1412 1942 1949 1912 2530 2532 2546 2549 2562 2568 2575 2582 2587 2590 2591 2599 2600 2596 2604 2610 2611 2612 2626 2636 2637 2643 2648 2665 2670 2692 2703 2706 2714 2721 2731 2732 2740 2748 2745 2750 2767 2776 2772 2773 2774 2780 2793 2799 2802 2801 2809 2826 2827 2832 2833 2839 2858 2864 2865 2870 2876 2888 2886 2898 2894 2895 2902 2911 2907 2908 2916 2921 2925 2922 2929 2935 2938 2944 2942 2953 2958 2961 3289 3295 3367 3381 3393 3420 3427 3436 3437 3442 3445 3457 3461 3471 3481 3487 3483 3497 3540 3544 3551 3564 3595 3605 3607 3625 3634 3652 3654 3658 3665 3670 3678 3702 3703 3724 3737 3785 3819 3823 3830 3851 3884 3890 3887 3895 3902 3907 3928 3948 3960 3986 3990 4065 4077 4083 4086 4085 4356 4362 4364 4376 4415 4462 4483 4500 4573 4597 4631 4677 4706 4726 4730 4753 4878 4874 4891 4897 4922 4951 4954 5379 4159 4173 5381 5404
26 2 223
57 63
0 2 3 5132 5140 895 1188 1198 1235 1242 1243 1265 1270 1120 1149 1498 1328 1699 1700 1706 1703 1705 1716 1731 1739 1757 1777 1799 1584 1601 1599 1690 1942 1854 1873 1878 1897 1925 2820 2888 2891 2894 2898 2899 2904 2908 2921 2925 2938 2935 2940 2952 2954 2961 2684 2688 2739 2750 2761 2770 2786 2791 3296 3355 3361 3389 3403 3407 3422 3418 3425 3430 3431 3458 3461 3464 3477 3493 3501 3502 3503 3507 3511 3519 3535 3560 3598 3604 3618 3624 3620 3622 3636 3652 3670 3731 3739 3744 3776 3788 3798 3804 3820 3831 3857 3870 3871 3918 3932 3942 3945 3948 3972 3979 3985 3992 4005 4009 4024 4026 4041 4049 4054 4059 4072 4083 4088 4096 4107 4120 4115 4121 4122 4128 4130 4134 4138 4143 4169 4173 4175 4183 4201 4205 4207 4229 4230 4237 4252 4250 4341 4353 4362 4376 4377 4400 4401 4418 4419 4415 4426 4451 4453 4481 4502 4505 4538 4546 4563 4562 4583 4584 4597 4609 4615 4619 4624 4630 4635 4641 4658 4671 4677 4717 4729 4730 4734 4784 4792 4793 4816 4848 4851 4878 4888 4889 4890 4895 4896 4897 4907 4904 4905 4911 4912 4914 4922 4928 4954 5007 5021 5027 5061 5089 5091 5379 409 529 652 2634 2666 5380 5404
27 2 162
8 58
0 3 2 3501 3539 3289 3393 3773 3809 3607 4209 1231 1239 1236 1248 1259 1261 1272 2711 2723 2749 2750 2773 2897 2899 2935 2941 2942 2944 2961 3225 3231 3237 3251 3261 3262 3263 3287 3284 2983 2994 2374 2384 2427 2450 2452 2458 2463 2478 2505 2515 2202 2224 2237 2239 2350 1835 1834 1846 1871 1873 1879 1905 1917 1918 1919 1926 1948 1984 1993 1566 1576 1624 1621 1641 1645 1648 1656 1431 1449 1456 1453 1484 1491 1494 1507 1512 1515 1535 1538 1546 1552 1549 1550 1301 1311 1315 1320 1332 1336 1340 1341 1350 1354 1361 1368 1365 1384 1390 1394 1404 1413 1422 1715 1721 1730 1732 1745 1768 1770 1788 1797 1810 1816 2105 2119 2138 2162 2168 2530 2541 2555 2578 2641 2655 2663 2660 5380 3875 3884 3890 3886 3888 3895 3914 3930 3932 3999 4009 4012 4016 4035 4041 4053 4055 4052 4060 4084 4086 4088 5377 5404
28 2 175
59 109
0 2 3168 3179 3199 3205 3207 3211 3228 3236 3243 3259 3268 3270 3277 2977 2988 2989 3016 3067 3071 3091 3095 3113 3112 3120 3132 3138 3141 3152 3148 2518 2530 2546 2550 2558 2569 2621 2626 2634 2666 2674 2689 2717 2715 2716 2722 2762 2773 2817 2877 2878 2891 2892 2904 2907 2913 2940 2945 2970 2973 3299 3322 3336 3355 3365 3389 3434 3467 3492 3573 3570 3605 3615 3631 3436 3481 3501 3530 4139 4141 4150 4151 4148 4183 4191 4201 4641 4642 4647 4651 4659 4660 4677 4675 4684 4730 4739 4778 4807 4811 4833 4836 4844 4846 4847 4850 4462 4491 4492 4506 4555 4556 4567 4578 4582 4622 4221 4225 4228 4231 4234 4240 4246 4247 4254 4262 4273 4280 4275 4276 4288 4292 4307 4308 4333 4335 4347 4350 4357 4415 4436 4451 2337 2352 3042 3048 3057 3055 3025 3030 3032 3036 2359 2369 2367 2377 2380 2384 2401 2402 2422 2429 2435 2452 2464 2466 2486 2499 2508 3162 3164 5386 5380 5404
29 2 112
0 60
0 2 3233 5143 5169 5046 5049 5055 5056 5075 5082 5080 5096 4679 4596 3408 3438 3437 3452 3454 3469 3474 3476 3482 3490 3536 3542 3562 3599 3607 3625 3641 3645 3735 3754 3804 3801 3813 3816 3828 3872 3906 3908 3913 3917 3933 3062 2833 2863 2889 2891 2892 2898 2940 2956 2958 2674 2684 2717 2721 2724 2733 2761 2763 2773 2790 2791 2793 2805 2815 2530 2533 2538 2546 2549 2564 2567 2582 2604 2623 2620 2634 2645 2650 2648 2649 2659 2665 2666 1835 1873 1878 1888 1920 1746 1756 1757 1818 1584 1599 1631 1629 1691 1509 1328 1235 1236 529 255 5380 5376 5404
30 2 186
61 126
0 2 3952 3965 3988 4001 4015 4055 4052 4070 4068 4080 4086 4340 4356 4367 4376 4392 4410 4415 4421 4426 4451 4211 4221 4231 4248 4250 4254 4261 4258 4280 4305 4318 4320 4325 4331 4140 4144 4152 4154 4168 4175 4188 4191 4199 4201 4203 4453 4466 4487 4498 4499 4535 4559 4561 4571 4578 4583 4611 4631 4650 4658 4667 4674 4685 4706 4774 4788 4794 4807 4824 4833 4844 4846 4851 4853 4857 4858 4869 4870 4875 4884 4885 4886 4887 4889 4898 4899 4911 4909 4917 4922 4927 4928 4931 4940 4946 4950 4948 4955 4963 4969 4982 4988 4987 4993 5000 5006 5012 5025 3666 3668 3700 3721 3718 3730 3735 3736 3743 3744 3787 3792 3803 3809 3044 3055 3061 3080 3081 3083 3085 3087 3092 3095 3103 3108 3109 3121 3125 3142 3145 3147 2997 2996 3012 3039 3167 3169 3170 3171 3174 3175 3196 3194 3199 3203 3206 3213 3217 3223 3224 3230 3238 3237 3240 3247 3250 3266 3267 3265 3273 3285 3283 3851 3857 3858 3866 3862 3867 3875 3884 3909 5380 5388 5404
31 2 178
11 62
0 3 2 5377 2337 2343 2350 2354 2369 2371 2375 2376 2377 2417 2426 2427 2432 2433 2435 2464 2486 2495 2506 2513 2524 2526 2522 2523 2530 2538 2544 2541 2547 2556 2563 2572 2578 2605 2618 2625 2631 2635 2638 2645 2652 2654 2655 2663 2672 2701 2708 2711 2715 2720 2734 2748 2749 2755 2761 2763 2759 2773 2778 2784 2789 2792 2796 2798 2806 2810 2811 2872 2869 2896 2892 2895 2907 2916 2941 2942 2365 2373 2374 2386 2405 2421 2423 2429 2437 2439 2452 2461 2467 2482 1153 1157 1161 1167 1176 1177 1183 1185 1186 1191 1194 1196 1042 1048 1050 1056 1059 1061 1065 1062 1080 1085 1086 1089 1096 1106 1126 1127 1128 1137 1139 1147 917 927 938 936 950 958 962 965 969 983 989 987 1000 1005 1021 1027 1023 787 785 801 809 817 833 838 861 864 873 877 888 909 913 666 668 670 679 687 693 698 704 724 732 762 772 781 662 2996 3055 3028 3034 3038 5380 5404
32 3 124
64 29 39
0 3 2 895 944 331 333 336 341 345 354 351 357 366 381 400 398 415 416 418 422 428 251 252 266 276 283 284 296 301 308 319 327 537 540 561 567 573 598 624 625 626 642 648 652 655 656 242 258 259 262 277 305 316 321 322 326 210 432 433 434 435 446 456 457 459 465 466 483 487 490 500 503 510 1087 1216 1248 1268 1387 1942 1949 5380 4347 4350 4358 4377 4387 4388 4393 4399 4415 4431 4444 4462 4478 4491 4494 4509 4519 4550 4570 4574 4589 4594 4599 4624 4631 4867 4954 4973 4786 4787 4796 4831 4642 4648 4679 4697 4718 4739 4987 5000 5377 5404
33 2 60
66 75
0 2 3167 3177 3178 3175 3153 3154 3160 3163 3164 3048 3055 3027 3024 2973 5012 5015 5028 5032 5035 5038 5040 3067 3071 3087 3099 3100 3106 3109 3112 3119 3128 3129 3130 3143 3142 3145 3150 2977 2978 2983 2994 2997 2998 2996 3003 3004 3006 3010 3011 3016 3019 3020 3060 3022 3034 3036 5381 5404
34 3 103
42 69 45
0 3 2 3657 3840 1259 1042 1048 1053 1050 1056 1055 1059 1065 1062 1080 1084 1085 1083 1089 1096 1100 1114 925 926 931 934 936 960 965 972 978 985 986 996 999 1000 1005 1010 1019 1021 1034 1035 782 785 790 799 802 804 837 844 853 855 867 868 873 886 915 666 668 670 674 672 679 692 721 724 729 758 759 762 765 772 777 550 555 558 561 566 567 568 575 588 589 594 585 593 598 599 608 605 611 620 618 626 642 643 1700 1705 5377 3390 5381 5404
35 3 108
43 36 70
0 2 3 4987 1128 1713 1719 1721 1724 1735 1754 1759 1768 1786 1794 1795 1800 1805 1811 1817 1825 1823 1834 1846 1848 1861 1879 1882 1893 1895 1905 1705 1708 1714 1715 1716 1723 1732 1738 1740 1758 1783 1784 1791 1797 1816 1820 1562 1564 1566 1577 1574 1579 1580 1593 1599 1602 1621 1624 1625 1637 1638 1636 1640 1641 1649 1656 1660 1663 1667 1671 1677 1685 1682 1441 1446 1448 1449 1453 1462 1469 1473 1476 1470 1477 1478 1480 1494 1490 1502 1510 1517 1522 1531 1537 1552 1546 1549 1551 2761 5381 4867 4899 4910 4952 4954 5377 5404
36 2 229
130 71
0 2 3690 3693 3716 3721 3723 3731 3736 3737 3745 3762 3769 3765 3772 3773 3774 3783 3781 3787 3790 3795 3804 3813 3826 3825 3837 3553 3571 3569 3574 3582 3584 3585 3586 3592 3593 3598 3597 3604 3600 3606 3612 3615 3622 3623 3652 3654 3672 3674 3682 3684 3404 3427 3446 3448 3450 3467 3471 3487 3491 3493 3503 3507 3512 3517 3528 3535 3289 3295 3297 3302 3301 3308 3306 3311 3315 3333 3336 3344 3354 3367 3366 3373 3378 3389 3392 3397 3398 3394 3400 438 439 447 457 458 470 466 477 481 483 489 490 503 510 528 531 533 330 331 329 336 338 341 347 351 357 359 363 368 370 378 399 397 398 407 424 427 236 241 246 257 262 264 270 271 277 292 296 297 303 307 308 320 322 325 547 239 244 250 254 258 273 275 283 284 286 289 299 306 317 318 319 323 197 207 208 213 215 217 220 222 224 225 227 3255 3272 3275 3276 3277 3285 3286 3284 3841 3861 3862 3867 3879 3886 3934 3944 3945 3965 3979 3986 3987 3996 3999 3994 3995 4002 4012 4017 4018 4021 4040 4038 4045 4049 4052 3851 3857 3866 3870 3874 3875 3884 3889 3890 3896 3911 3921 3928 3930 3937 3948 5381 5389 5404
37 3 81
72 34 26
0 2 3 648 1428 1432 1437 1294 1292 1297 1303 1309 1310 1316 1319 1321 1326 1330 1332 1336 1338 1346 1354 1363 1364 1365 1371 1375 1376 1396 1397 1394 1399 1405 1414 1422 1420 1421 1152 1151 1153 1159 1157 1158 1163 1168 1169 1171 1174 1176 1183 1186 1192 1196 1199 1227 1230 1231 1239 1250 1247 1248 1256 1266 1280 1282 1116 1118 1126 1127 1128 1129 1133 1136 1139 1142 258 5377 2951 5381 5404
38 2 147
74 47
0 2 4906 4907 4908 4909 4915 4916 4920 4922 4926 4928 4931 4933 4934 4937 4938 4940 4944 4945 4946 4949 4947 4948 4952 4951 4955 4962 4963 4971 4969 4970 4979 4977 4978 4983 4985 4986 4989 4992 4993 4997 4990 4991 4994 5000 5004 5003 5010 2255 2259 2273 2280 2300 2305 2310 2321 2329 2336 2337 2346 2364 2377 2384 2381 2387 2398 2401 2406 2407 2414 2432 2431 2447 2463 2479 2509 2511 2518 2524 2525 2523 2528 2553 2556 2564 2563 2567 2578 2579 2588 2599 2600 2614 2623 2627 2634 2641 2649 2669 2674 2684 2679 2686 2717 2718 2714 2715 2731 2746 2750 2759 2763 2773 2803 2819 2823 2821 2827 2834 2844 2839 2843 2852 2853 2856 2860 2873 2881 2882 2883 2884 2885 2891 2892 2895 2904 2912 2916 2925 2931 2929 2960 2961 5378 5381 5404
39 3 112
25 44 78
0 2 3 4988 648 1937 1946 1954 1953 1971 1984 1986 1996 2015 1827 1826 1831 1833 1847 1857 1858 1873 1887 1905 1915 1921 1926 1931 1698 1718 1721 1726 1732 1733 1743 1755 1762 1769 1770 1775 1779 1780 1788 1793 1794 1798 1799 1803 1806 1810 1811 1817 1560 1561 1562 1565 1566 1576 1582 1599 1600 1604 1610 1617 1621 1625 1626 1631 1638 1639 1641 1645 1646 1647 1650 1656 1666 1671 1690 1493 1494 1500 1497 1504 1513 1519 1526 1535 1534 1541 1543 1545 1552 1550 1557 1128 2353 2439 2618 2634 2660 3390 4201 4905 4944 4952 4969 4970 5377 2941 5384 5404
40 3 110
41 83 37
0 2 3 4777 4822 4831 1259 1541 1538 1545 1549 1552 1558 1556 1576 1574 1582 1584 1599 1602 1609 1607 1612 1619 1641 1645 1646 1648 1659 1656 1678 1679 1681 1700 1701 1706 1703 1705 1777 1795 1834 1857 1858 1871 1887 1894 1896 1898 1905 1919 1924 1950 1959 1964 1966 1974 1977 1978 1980 1984 2005 2008 2022 2043 2045 2055 2053 2066 2069 2079 2087 2090 2104 2107 2112 2113 2117 2126 2133 2139 2146 2167 2164 2172 2178 2180 2181 2197 2200 2208 2212 2246 2261 2266 2268 2279 2287 2288 2289 2296 2301 2328 2327 2356 5377 5002 5046 3840 5387 5404
41 2 146
114 85
0 2 4865 4856 4858 4867 4864 4869 4870 4878 4875 4882 4885 4887 4892 4889 4895 4901 4754 4766 4774 4782 4792 4797 4800 4804 4813 4819 4833 4836 4844 4847 4851 4850 4641 4647 4651 4657 4670 4677 4689 4691 4692 4701 4720 4738 4734 4735 4745 4607 4610 4615 4616 4618 4629 4630 211 219 220 222 231 238 239 241 246 247 250 255 256 258 259 262 264 273 271 274 277 283 282 292 296 297 293 306 314 318 324 330 331 332 336 351 357 359 371 368 377 373 376 395 398 404 408 422 435 452 456 457 458 462 459 464 474 477 498 510 518 523 524 528 529 536 548 596 601 609 613 669 668 672 679 717 744 751 754 760 777 785 790 801 822 852 850 5384 5382 5404
42 2 141
89 23
0 2 3 4823 4644 4654 4663 4679 4697 4713 4721 4596 4604 4606 4615 4617 4618 4628 3755 3777 3797 3801 3812 3818 3816 3824 3558 3607 3625 3641 3645 3657 3408 3438 3437 3452 3454 3469 3474 3476 3482 3490 3534 3536 3542 3840 3842 3872 3883 3892 3894 3900 3906 3908 3913 3917 3916 3933 3968 3980 3994 4007 4013 1297 1303 1305 1309 1331 1336 1332 1339 1341 1151 1159 1176 1183 1184 1185 1194 1195 1200 1205 1215 1227 1247 1266 1270 1278 1287 1288 1290 1065 1068 1081 1083 1088 1089 1119 1128 1135 1139 1146 1149 924 925 926 937 940 955 959 967 972 978 980 979 982 983 981 994 995 1000 1023 1024 1037 1039 1040 877 883 884 887 888 898 901 3093 3094 3095 3135 3137 5382 5377 5404
43 2 186
90 7
0 2 3 258 282 298 310 322 386 450 471 476 498 511 531 539 575 573 666 670 725 790 823 854 873 883 902 914 925 926 942 960 978 980 986 994 995 1005 1014 1027 1053 1064 1080 1077 1082 1090 1093 1094 1096 1112 1113 1122 1123 1126 1128 1129 1136 1137 1145 1150 1167 1170 1176 1188 1186 1192 1194 1196 1200 1202 1205 1206 1227 1231 1235 1239 1243 1250 1251 1248 1276 1272 1277 1283 1294 1301 1297 1305 1316 1317 1318 1320 1344 1347 1354 1364 1379 1390 1392 1396 1397 1403 1399 1400 1407 1410 1413 1414 1417 1418 1421 1424 1430 1432 1437 1442 1449 1453 1461 1463 1469 1476 1490 1535 1608 1668 1704 1708 1757 1778 1791 1802 1803 1804 1805 1817 1816 1837 1843 1858 1927 1941 2019 2028 2047 2080 2092 2102 2122 2128 2147 2164 2180 2187 2202 2208 2229 2236 2267 2277 2300 2316 2314 2319 2332 2337 2347 2350 2363 2365 2368 2408 2426 2427 2449 2515 2518 2523 2530 2549 2651 2652 2663 5384 5377 5404
44 2 177
10 93
0 3 2 1438 1446 1449 1457 1453 1459 1464 1469 1476 1471 1478 1483 1491 1493 1495 1501 1507 1509 1521 1522 1292 1300 1309 1313 1316 1322 1323 1326 1330 1336 1339 1340 1341 1345 1354 1362 1365 1375 1377 1382 1397 1398 1403 1414 1416 1422 1176 1182 1192 1195 1216 1220 1227 1231 1244 1260 1261 1266 1287 1288 2363 2359 2365 2377 2384 2387 2401 2408 2506 2508 2514 2518 2523 2530 2546 2549 2560 2605 2607 2618 2638 2645 2651 2652 2654 2661 2734 2763 2767 2783 2796 2791 2794 2808 2810 2824 2821 2863 2896 2898 2917 3073 3083 3120 3130 3149 3153 3164 3173 3200 3230 3253 3265 3274 3300 3323 3336 3384 3428 3453 3460 3457 3472 3487 3522 3520 3548 3557 3583 3590 3593 3650 3670 3728 3787 3827 3829 3918 3965 3991 4045 4347 4387 4408 4436 4435 4217 4225 4235 4240 4258 4116 4123 4158 4165 4187 4198 4202 4467 4568 4573 4584 4599 4610 4661 4677 4726 5377 2247 2294 2316 2332 5383 5404
45 2 140
12 95
0 2 3 218 229 231 255 258 282 296 341 362 417 420 421 424 466 481 538 548 562 571 578 584 625 650 668 680 685 732 817 850 862 889 894 947 960 1027 1034 1080 1086 1147 1150 1166 1219 1294 1309 1313 1316 1343 1344 1350 1356 1375 1384 1389 1390 1396 1393 1400 1408 1414 1418 1426 1429 1430 1436 1437 1445 1446 1455 1456 1453 1459 1466 1468 1474 1476 1477 1494 1500 1512 1519 1515 1521 1530 1535 1529 1545 1549 1550 1552 1553 1558 1562 1573 1574 1577 1582 1583 1587 1604 1607 1609 1613 1612 1618 1634 1635 1638 1688 1710 1722 1729 1732 1751 1817 1827 1837 1879 1908 1915 1985 1990 2095 2234 2279 2294 2293 2311 2319 2332 2399 2464 2518 2546 2734 5386 5377 5404
46 2 106
97 6
0 3 2 2208 2206 2210 2236 1588 1589 1604 1612 1628 1640 1668 1708 1305 1322 1152 1166 1175 1180 1186 1199 1231 1243 1061 1085 1082 1096 1123 1126 1147 1144 920 926 942 980 997 999 1014 1024 792 799 804 810 817 822 823 836 873 914 670 679 686 774 555 557 570 573 609 618 654 660 231 255 298 310 311 352 357 362 395 400 416 452 454 450 457 469 498 513 1354 1480 1490 1585 1602 1608 1625 1638 1639 1955 1984 2016 2028 2044 2047 2054 2083 2086 2103 2180 2183 2649 5386 5377 5404
47 2 248
105 99
0 2 4335 4341 4345 4350 4366 4370 4381 4392 4398 4394 4395 4403 4404 4418 4414 4415 4428 4435 4451 4474 4494 4497 4505 4514 4548 4545 4551 4560 4563 4570 4567 4572 4574 4578 4584 4594 4598 4219 4221 4231 4245 4246 4254 4255 4258 4266 4275 4277 4298 4300 4303 4325 4090 4089 4102 4107 4109 4121 4126 4132 4136 4135 4150 4158 4171 4185 4193 4199 4201 4203 4205 4207 3965 3966 3968 3974 3973 3978 3979 3975 4003 4010 4016 4022 4030 4036 4038 4045 4046 4052 4057 4058 4060 4067 4080 3844 3857 3859 3863 3861 3866 3869 3870 3874 3875 3884 3893 3904 3909 3920 3930 3934 3937 3942 3696 3698 3704 3717 3718 3725 3727 3728 3760 3757 3767 3776 3771 3774 3783 3780 3789 3805 3819 3833 3830 3839 3545 3547 3553 3560 3569 3570 3579 3580 3582 3584 3585 3590 3592 3593 3598 3607 3612 3613 3614 3619 3620 3621 3622 3633 3635 3642 3646 3654 3659 3663 3670 3677 3679 3406 3402 3403 3415 3421 3427 3433 3436 3437 3446 3451 3453 3467 3477 3481 3487 3488 3501 3503 3509 3513 3519 3523 3528 3544 3292 3295 3296 3301 3306 3313 3318 3319 3320 3321 3328 3343 3346 3347 3348 3349 3350 3354 3359 3363 3367 3370 3372 3377 3381 3385 3389 3392 3395 3170 3178 3175 3188 3192 3196 3197 3226 3228 3237 3239 3252 3254 3259 3277 3287 3282 3157 3163 3164 5387 5382 5404
48 2 249
49 100
0 2 3233 3279 4853 4854 4856 4857 4858 4865 4864 4880 4876 4882 4892 4889 4891 4894 4902 4904 4758 4762 4777 4774 4778 4798 4801 4808 4813 4824 4827 4835 4833 4836 4844 4848 4851 4850 4645 4643 4651 4677 4682 4692 4722 4739 4744 4548 4551 4554 4559 4570 4568 4573 4574 4577 4586 4587 4588 4589 4594 4601 4607 4625 4631 4634 4208 4231 4247 4258 4264 4274 4275 4276 4287 4292 4288 4289 4290 4296 4308 4320 4089 4099 4103 4109 4117 4121 4127 4132 4136 4141 4151 4148 4149 4153 4159 4161 4163 4164 4175 4176 4185 4189 4193 4199 4204 3960 3962 3972 3979 3975 3989 3996 3992 4004 4007 4026 4040 4036 4039 4045 4055 4059 4070 4071 4068 4077 4084 4085 4083 4086 3844 3857 3859 3873 3875 3890 3888 3911 3909 3920 3926 3931 3941 3942 3946 3408 3438 3437 3452 3454 3467 3468 3469 3473 3474 3476 3482 3490 3506 3510 3516 3518 3523 3529 3534 3536 3542 3544 3546 3553 3558 3562 3580 3582 3585 3592 3598 3599 3608 3609 3606 3607 3648 3663 3676 3674 3706 3714 3717 3721 3723 3730 3727 3728 3737 3776 3778 3774 3779 3782 3786 3789 3791 3804 3805 3814 4340 4341 4352 4360 4357 4374 4381 4383 4386 4387 4412 4418 4414 4415 4420 4424 4426 4438 4440 4451 4467 4475 4488 4489 4502 4510 4515 4519 3047 3062 3066 3069 3093 3094 3095 3105 3135 3137 5383 5378 5404
49 2 237
101 103
0 2 3763 3776 3782 3788 3795 3793 3806 3815 3829 3840 3841 3857 3858 3869 3870 3874 3875 3881 3895 3909 3915 3926 3937 3952 3954 3965 3968 3992 3993 3996 3997 4014 4017 4013 4029 4031 4033 4045 4046 4053 4052 4067 4079 4084 4086 4088 4089 4092 4132 4138 4144 4152 4153 4158 4164 4188 4205 4208 4224 4229 4231 4238 4239 4246 4250 4275 4280 4288 4293 4308 4310 4321 4325 4334 4335 4340 4341 4366 4372 4376 4381 4401 4408 4440 4449 4451 4452 4459 4467 4466 4475 4481 4482 4491 4494 4497 4508 4505 4506 4512 4521 4541 4549 4555 4563 4570 4604 4600 4607 4615 4623 4627 4632 4636 4643 4647 4660 4661 4664 4666 4674 4681 4682 4684 4729 4730 4754 4755 4772 4793 4797 4795 4802 4824 4821 4833 4836 4844 4846 4851 4850 4854 4856 4862 4871 4875 4878 4884 4886 4887 4889 4897 4902 4903 4907 4904 4909 4911 4913 4914 4917 4919 4921 4925 4927 4934 4938 4939 4946 4952 4953 3404 3431 3446 3459 3457 3295 3301 3308 3315 3316 3362 3363 3375 3383 3384 3390 3396 3400 3166 3175 3184 3193 3205 3212 3214 3231 3238 3249 3267 3283 3284 3164 2974 2973 2978 2989 3002 3014 3068 3071 3080 3087 3088 3108 3115 3131 3138 3141 3142 3151 2983 2994 2997 3016 3021 3059 3058 3054 3030 3034 3039 5383 5387 5404
50 2 258
106 110
0 2 3168 3180 3195 3197 3215 3218 3223 3221 3230 3237 3246 3258 3260 3262 3277 3283 2863 2874 2891 2892 2894 2900 2902 2908 2909 2913 2931 2929 2935 2936 2945 2954 2967 2973 4755 4775 4771 4774 4778 4783 4792 4797 4802 4807 4821 4831 4833 4836 4837 4844 4845 4848 4850 4641 4666 4680 4684 4689 4695 4701 4706 4731 4730 4740 4545 4571 4573 4584 4586 4587 4603 4601 4607 4611 4614 4630 4212 4215 4228 4231 4237 4247 4252 4263 4264 4275 4287 4291 4310 4318 4325 4091 4102 4113 4114 4120 4132 4136 4139 4140 4146 4149 4153 4159 4179 4183 4191 4195 4199 3951 3957 3962 3965 3967 3972 3989 3997 3994 4000 4004 4010 4012 4017 4029 4026 4032 4033 4052 3844 3851 3861 3867 3874 3878 3897 3911 3912 3919 3921 3698 3721 3718 3726 3727 3739 3762 3763 3764 3782 3789 3790 3791 3796 3794 3799 3803 3804 3813 3814 3820 3817 3567 3572 3574 3570 3578 3583 3587 3585 3586 3592 3596 3658 3665 3684 3403 3404 3433 3442 3453 3455 3459 3467 3483 3485 3512 3530 3540 3310 3311 3319 3322 3323 3339 3344 3352 3355 3349 3350 3358 3367 3377 3373 3378 3379 3049 3054 3056 3067 3073 3071 3080 3081 3087 3095 3099 3100 3113 3128 3130 3131 3142 3147 3148 4334 4340 4347 4356 4358 4366 4367 4377 4383 4391 4405 4408 4416 4414 4420 4436 4437 4467 4471 4469 4477 4484 4487 4488 4493 4494 4497 4502 4504 4537 5384 5404
51 2 151
113 108
0 2 4231 4240 4237 4247 4253 4258 4275 4291 4297 4301 4300 4310 4324 4325 5051 5064 5080 5086 5093 5096 5107 5205 4335 4349 4350 4357 4380 4385 4383 4402 4408 4415 4430 4436 4435 4444 4451 4460 4470 4489 4494 4503 4517 4518 4519 4535 4538 4548 4545 4572 4586 4593 4605 4617 4620 4641 4659 4661 4665 4668 4677 4675 4681 4690 4691 4701 4708 4715 4739 4757 4761 4764 4775 4774 4778 4797 4794 4811 4809 4822 4831 4836 4844 4850 1631 1283 395 255 3016 2383 2408 2418 2425 2427 2433 2431 2466 2479 2481 2493 2502 2507 2511 2523 2530 2536 2574 2587 2591 2623 2624 2631 2645 2649 2659 2693 2714 2715 2725 2727 2723 2745 2760 2768 2779 2806 2812 2845 2852 2857 2867 2871 2878 2892 2896 2898 2903 2908 2919 2925 2938 2935 2944 2955 2953 2961 5385 5382 5404
52 2 87
98 115
0 2 3167 3168 3178 3184 3187 3196 3199 3203 3204 3205 3209 3215 3227 3231 3249 3252 3260 3264 3272 3277 2977 2978 2988 2997 2996 3010 3012 3030 3034 3042 3058 3054 3060 3019 2973 4904 4905 4910 4915 4918 4920 4921 4926 4928 4939 4940 4946 4949 4947 4950 4951 4955 4952 4954 4962 4969 4970 4977 4978 4981 4985 4986 4988 4992 4993 4997 4991 5000 5003 5006 5011 5025 3073 3080 3085 3087 3118 3119 3138 3283 3162 3163 3164 5382 5404
53 2 169
53 118
0 2 3 3175 3180 3199 3203 3243 3289 3295 3315 3364 3380 3392 3395 3406 3427 3431 3446 3481 3503 3530 3844 3845 3850 3905 3920 3960 3964 3965 3983 3989 3994 3995 4011 4017 4033 4036 4045 4051 3572 3598 3644 3719 3731 3790 4134 4177 4201 4208 3009 3014 3019 3030 3034 3041 3052 3072 3087 3124 3150 2871 2892 2894 2895 2903 2908 2910 2916 2924 2930 2940 2674 2686 2704 2706 2708 2715 2725 2727 2750 2754 2761 2763 2768 2770 2775 2786 2787 2792 2795 2798 2805 2810 2814 2530 2538 2542 2550 2549 2553 2554 2559 2564 2561 2563 2572 2579 2590 2596 2617 2627 2639 2645 2650 2649 2665 2381 2436 2440 2441 2447 2451 2460 2464 2470 2479 2480 2476 2477 2493 2511 2515 2237 2234 2332 2337 2077 2084 2095 2111 2180 2199 1984 2019 2055 1875 1905 1906 1915 1921 1926 2834 2867 2875 2881 2897 2898 2899 2904 2912 2913 2918 2933 2937 2938 5388 5379 5404
54 2 168
38 119
0 2 3 4982 4983 4986 4987 4991 4993 5010 5011 5012 5016 5022 5018 5033 5044 5050 5058 5064 5071 5069 5084 5089 5094 5102 4909 4910 4921 4925 4928 4931 4938 4939 4943 4952 4965 4966 4962 4969 4970 4974 5377 1671 1674 1679 1685 1682 2202 2208 2258 2296 2303 2311 2322 2328 2337 2359 2365 2369 2377 2384 2386 2387 2388 2407 2425 2427 2432 2435 2430 2438 2444 2445 2451 2467 2469 2482 2486 2226 2234 2241 2245 2263 2269 2270 2291 2292 2298 2305 2306 2320 2332 2344 2345 2073 2084 2095 2099 2104 2109 2107 2117 2118 2138 2134 2141 2146 2162 2167 2171 2177 2180 2185 2190 2196 1706 1704 1708 1713 1718 1734 1730 1732 1745 1757 1769 1773 1781 1785 1777 1789 1795 1800 1801 1805 1811 1816 1825 1827 1831 1834 1857 1874 1879 1894 1908 1915 1917 1922 1926 1927 1954 1964 1984 1988 1990 1995 2011 2020 2021 2022 2031 2032 2033 2038 5389 5404
55 2 204
120 67
0 2 3180 3181 3184 3191 3201 3199 3213 3214 3223 3227 3236 3238 3237 3239 3248 3260 3262 3267 3264 3277 3285 3283 431 435 438 439 446 457 462 455 459 465 466 477 495 331 332 329 336 340 354 351 357 359 371 367 368 369 377 386 389 390 397 398 401 404 411 425 422 423 424 236 241 244 247 246 251 252 250 255 258 265 269 271 275 274 277 283 284 281 282 286 291 292 296 297 293 295 299 303 314 318 319 322 327 198 199 206 208 210 219 222 3570 3579 3581 3583 3584 3586 3603 3604 3609 3615 3621 3625 3632 3639 3644 3650 3664 3665 3676 3679 3681 3692 3695 3726 3727 3745 3746 3767 3769 3782 3788 3804 3802 3833 3290 3288 3294 3297 3305 3323 3324 3321 3328 3346 3359 3363 3364 3378 3379 3383 3388 3390 3403 3404 3412 3421 3433 3437 3444 3451 3449 3463 3480 3504 3509 3520 3840 3844 3843 3851 3857 3862 3874 3875 3881 3878 3884 3896 3895 3905 3918 3927 3930 3931 3937 3940 3938 3945 3950 3959 3960 3965 3971 3973 3975 3984 3987 5381 5389 5404
56 2 126
122 35
0 3 2 2382 2390 2458 2488 2490 2508 2517 2530 2550 2555 2569 2576 2575 2592 2609 2634 2660 2667 2674 2670 2678 2683 2686 2695 2700 2723 2729 2730 2743 2767 2775 2789 2808 2820 5389 2277 2292 2319 2325 2332 2353 2350 785 790 804 850 861 868 877 878 889 921 925 926 936 943 948 949 953 960 965 799 817 837 873 887 901 668 679 685 682 688 691 692 693 704 709 725 726 733 734 746 759 770 773 775 776 777 548 551 561 571 573 577 578 582 579 585 597 599 600 607 608 614 617 627 629 636 638 643 661 496 500 503 504 510 519 522 528 531 529 5377 5404
57 2 267
123 127
0 2 3956 3957 3960 3965 3970 3988 3997 3994 4005 4010 4019 4020 4024 4029 4026 4033 4034 4035 4039 4046 4053 4055 4052 4069 4071 4088 4106 4113 4119 4138 4144 4141 4151 4153 4164 4175 4179 4186 4189 4194 4197 4202 4205 4203 4207 4212 4224 4236 4248 4245 4246 4251 4258 4261 4264 4265 4267 4268 4272 4280 4276 4277 4286 4287 4288 4298 4300 4303 3845 3849 3846 3848 3851 3856 3857 3859 3855 3861 3865 3869 3874 3875 3880 3881 3884 3885 3890 3888 3905 3911 3909 3915 3920 3921 3926 3924 3930 3929 3938 3685 3698 3702 3716 3722 3723 3717 3718 3720 3730 3744 3767 3768 3770 3771 3774 3780 3781 3797 3804 3805 3802 3822 3826 3825 3834 3839 3547 3554 3568 3570 3579 3591 3592 3604 3610 3620 3622 3626 3631 3633 3629 3635 3666 3684 3410 3421 3431 3446 3451 3460 3467 3479 3483 3485 3491 3501 3503 3507 3508 3511 3517 3528 3525 3535 3288 3289 3299 3301 3323 3324 3340 3345 3353 3355 3362 3363 3367 3359 3370 3375 3377 3372 3373 3379 3384 3388 785 817 832 672 688 693 696 704 724 734 735 757 761 775 777 544 548 552 570 571 587 607 604 608 616 617 627 643 650 651 653 429 439 444 457 464 461 467 470 481 489 508 522 531 529 530 536 332 333 336 343 368 370 377 389 392 400 411 416 418 422 427 233 244 246 250 254 255 258 267 274 277 280 282 293 314 211 5388 5404
58 2 177
124 55
0 3 2 2449 2491 2003 2007 2026 2044 2715 2724 2749 2791 2792 2800 2847 2896 2897 2904 2912 2913 2925 2931 2944 2945 2954 2955 2689 2695 2711 2728 2733 2736 2747 2754 2761 2763 2767 2777 2784 2802 2517 2518 2525 2528 2530 2531 2538 2541 2547 2549 2554 2556 2564 2566 2570 2567 2578 2592 2588 2595 2604 2608 2616 2618 2623 2631 2634 2653 2659 2665 2666 2667 2067 2143 2175 2212 2234 2267 2298 1848 1860 1786 1589 1613 1688 1434 1452 1364 1165 1186 1251 1288 793 866 918 1006 1061 1077 1126 1128 1142 760 627 234 248 255 258 296 373 449 3328 3350 3441 3461 3492 3870 3874 3878 3882 3884 3912 4212 4208 4342 4357 4415 4434 4445 3983 4021 4033 4088 4102 4170 4177 4199 3755 3785 3601 3622 3676 4462 4507 4884 4885 4887 4893 4890 5379 3132 2984 3030 3170 3197 3202 3210 3222 3274 2821 2826 2832 2849 2861 2871 2878 2885 2895 2902 2908 2922 2935 2940 2942 2958 5389 5404
59 2 142
24 125
0 3 2 2715 2734 2749 2202 2236 2305 2314 2316 2322 1571 1574 1580 1581 1586 1592 1619 1624 1644 942 960 1005 1040 837 678 679 573 576 637 648 457 498 531 533 369 415 255 258 282 298 310 324 1562 1568 1576 1584 1595 1618 1622 1636 1642 1668 1430 1431 1436 1437 1432 1434 1450 1454 1455 1453 1464 1476 1490 1495 1499 1504 1502 1503 1507 1516 1521 1522 1526 1541 1538 1539 1540 1544 1549 1559 1053 1122 1125 1126 1166 1173 1170 1222 1230 1257 1342 1360 1364 1370 1371 1380 1396 1397 1394 1400 1403 1409 1410 1417 1422 1704 1726 1732 1733 1740 1846 1847 5377 2019 2033 2038 2069 2086 2091 2100 2188 2549 2555 2595 2659 2374 2384 2451 2474 2506 2515 2546 2556 2607 2651 2663 5388 5404
60 2 243
128 107
0 2 3048 3058 3072 3081 3088 3095 3102 3131 3143 3147 3018 3027 2973 3716 3730 3740 3770 3779 3787 3812 3820 3566 3572 3580 3582 3578 3584 3589 3603 3600 3613 3614 3615 3631 3651 3652 3664 3672 3677 3170 3176 3189 3195 3192 3199 3207 3211 3213 3223 3224 3225 3230 3252 3254 3271 3285 3283 4334 4343 4346 4358 4367 4381 4377 4380 4391 4390 4394 4395 4399 4401 4402 4412 4414 4415 4428 4430 4433 4439 4441 4446 4451 4767 4775 4772 4778 4781 4785 4792 4793 4797 4805 4804 4811 4808 4815 4824 4823 4831 4837 4838 4841 4845 4848 4850 4641 4642 4643 4651 4658 4659 4656 4663 4666 4672 4677 4686 4694 4701 4707 4714 4730 4734 4743 4548 4553 4559 4563 4567 4568 4573 4574 4587 4602 4607 4608 4609 4610 4624 4626 4634 4462 4464 4467 4466 4472 4479 4483 4484 4486 4494 4497 4522 4545 4546 4561 4570 4604 4605 4606 4619 4633 4637 4228 4307 4313 4320 4089 4092 4098 4101 4111 4113 4114 4129 4138 4174 3962 3965 3982 3989 3992 4032 4036 4039 4046 4052 4057 4080 4082 4083 4088 3843 3850 3857 3874 3898 3895 3909 3929 3931 3932 3946 3406 3403 3422 3427 3433 3429 3436 3437 3457 3459 3460 3466 3467 3478 3481 3483 3503 3507 3513 3519 3526 3531 3288 3304 3311 3326 3327 3339 3342 3350 3362 3367 3368 3380 3383 5388 5386 5404
61 2 108
104 129
0 2 3168 3169 3170 3171 3178 3175 3181 3185 3186 3189 3195 3193 3199 3205 3211 3213 3214 3219 3225 3230 3232 3237 3238 3243 3250 3254 3160 3162 4912 4911 4908 4905 4909 4910 4920 4921 4944 4940 4943 4946 4949 4950 4948 4952 4962 4963 4969 4970 4976 4981 4984 4988 4985 4986 4987 4997 5000 5004 5025 5033 5032 5034 5047 5054 5096 5119 3052 3058 3068 3073 3076 3072 3080 3081 3087 3089 3090 3106 3112 3120 3132 3140 3141 3142 3145 2977 2978 2991 3005 2996 3003 3009 3010 3016 3019 3020 3055 3054 3041 2965 2970 3027 3029 5383 5389 5404
62 2 178
132 111
0 2 4221 4228 4230 2935 2941 2942 3048 3058 3054 3036 1842 1904 1515 1632 1644 1701 1721 1722 1782 1786 1812 790 865 873 255 274 279 283 293 637 648 470 476 510 529 1061 4507 4583 4589 4593 3960 3963 3967 3965 3971 3984 3990 3993 4011 4021 4026 4046 4050 4057 4066 4067 4070 4074 4084 4085 3843 3846 3863 3876 3880 3884 3907 3946 3944 3688 3690 3716 3732 3736 3749 3755 3757 3767 3788 3800 3804 3805 3820 3832 3573 3580 3582 3588 3602 3608 3619 3635 3638 3640 3677 3422 3434 3467 3483 3487 3500 3513 3519 3528 3529 3544 3295 3300 3302 3308 3310 3315 3312 3345 3352 3358 3359 3371 3378 3392 3171 3172 3195 3205 3214 3218 3219 3230 3233 3238 3243 3239 3240 3254 3267 3265 3283 2987 2999 3019 3067 3071 3080 3081 3088 3096 3103 3112 3121 3140 2549 4842 4847 4898 4910 4954 4958 4988 4989 5033 4092 4095 4111 4127 4136 4138 4140 4149 4159 4173 4177 4187 4201 5389 5385 5404
63 2 116
76 133
0 2 4247 5051 5064 5070 5075 5082 5097 5101 5011 5032 5037 5047 5049 2820 2830 2832 2833 2849 2856 2891 2904 2903 2908 2910 2921 2925 2935 2940 2947 2949 2955 2961 2682 2684 2728 2750 2761 2763 2766 2773 2778 2798 2808 2530 2533 2541 2548 2599 2596 2609 2615 2639 2646 2365 2370 2377 2386 2389 2397 2402 2406 2407 2408 2429 2431 2433 2435 2441 2465 2468 2474 2482 2484 2492 2500 2202 2234 2239 2290 2311 2317 2337 2066 2080 2105 2110 2111 2116 2118 2153 2162 2164 2168 2178 2181 2192 2197 1940 1983 1980 2021 2028 2033 2055 1905 1910 1911 1917 1921 1236 3016 5382 5389 5404
