40
0 1 9
1
0 368 378 178 171 182 183 9 576
1 1 22
62
0 328 310 309 270 272 273 264 267 258 261 248 224 223 298 384 350 3 5 6 8 576
2 2 30
46 63
0 561 218 234 223 224 232 226 265 297 296 406 399 456 191 86 88 76 59 57 36 575 102 98 97 104 139 157 545 576
3 1 29
39
0 468 400 396 536 542 522 355 353 307 305 272 561 216 215 128 129 102 104 107 78 8 35 54 69 67 66 72 576
4 1 25
60
0 501 499 498 497 467 350 349 345 340 359 298 326 311 309 533 523 574 575 8 109 121 156 186 576
5 1 23
27
0 546 547 529 521 468 453 451 357 360 225 224 223 222 220 182 52 40 61 67 560 561 576
6 1 27
43
0 509 514 534 535 552 548 529 531 523 517 307 306 291 292 300 455 457 376 370 561 117 119 163 104 81 576
7 2 43
25 31
0 526 521 520 519 533 536 539 541 566 567 571 560 561 556 554 130 131 123 134 109 75 66 56 235 232 190 244 292 326 313 360 385 391 428 426 497 501 465 461 455 156 576
8 2 23
65 37
0 526 531 518 517 368 353 444 261 189 214 561 560 14 7 163 135 123 313 305 465 467 576
9 1 12
5
0 508 512 341 444 452 533 561 560 575 135 576
10 2 42
30 47
0 467 460 428 518 520 533 535 536 542 571 560 561 559 575 19 23 107 156 176 193 212 245 251 261 272 298 296 293 306 309 310 324 328 334 365 386 377 498 507 186 576
11 2 44
18 61
0 564 529 532 523 521 518 516 515 533 534 552 542 573 560 561 558 66 65 9 92 102 327 312 313 324 317 318 299 300 293 337 388 390 391 497 499 500 501 510 502 469 459 576
12 1 24
44
0 504 501 523 533 534 539 541 356 384 422 456 443 486 347 561 257 255 252 216 189 175 130 576
13 2 37
49 2
0 493 566 542 539 538 537 534 533 514 494 455 419 389 328 326 306 301 297 223 214 216 561 345 343 342 263 193 176 130 108 104 82 8 467 479 576
14 2 38
59 7
0 480 467 514 500 527 531 566 571 570 550 551 538 347 331 271 291 389 385 383 438 441 298 280 193 194 155 160 135 132 121 108 97 98 561 560 473 576
15 2 38
34 42
0 473 469 515 518 519 529 541 534 353 364 437 440 442 443 426 510 511 391 305 290 235 226 216 556 559 560 561 102 116 130 161 4 6 9 72 567 576
16 1 30
66
0 473 527 529 543 541 552 533 521 519 516 461 442 439 433 426 495 497 511 560 561 203 196 88 91 78 6 3 108 576
17 1 23
0
0 478 502 501 508 523 529 541 328 322 422 433 436 455 255 561 560 54 82 81 160 158 576
18 2 27
41 36
0 478 566 526 499 465 459 515 270 255 251 250 212 184 554 556 561 560 64 9 8 122 124 125 128 160 576
19 2 31
17 15
0 507 501 500 497 495 515 533 534 309 289 305 302 245 356 383 400 460 466 473 523 520 560 561 116 41 42 8 155 506 576
20 1 33
4
0 473 492 527 526 531 532 518 533 552 347 320 340 356 377 436 453 440 461 426 495 511 561 558 70 83 163 150 251 252 285 291 576
21 1 12
8
0 492 493 510 497 495 349 561 560 8 154 576
22 2 32
11 28
0 492 493 527 530 541 560 561 555 181 171 196 226 297 301 323 444 445 383 405 417 437 455 461 130 158 162 8 31 575 66 576
23 1 38
23
0 525 529 531 532 523 520 516 533 536 537 552 542 562 328 323 341 212 293 306 389 513 497 453 455 460 473 492 493 564 573 560 561 48 66 97 160 576
24 1 22
48
0 481 492 567 529 530 523 518 511 426 439 298 245 214 308 310 561 560 575 70 156 576
25 1 29
56
0 492 493 566 560 575 37 67 66 64 63 61 48 5 3 160 158 134 201 225 301 299 344 350 401 515 427 434 576
26 2 38
58 19
0 492 493 566 541 530 521 518 517 515 391 386 444 323 298 303 272 246 214 220 556 561 560 575 50 54 64 4 135 123 125 460 498 499 507 478 474 576
27 3 33
57 45 9
0 474 482 467 486 489 495 515 514 510 492 493 541 350 373 374 388 444 342 285 261 256 555 561 560 30 8 6 353 365 454 473 576
28 1 44
14
0 491 492 480 484 467 516 517 533 391 388 374 393 395 405 364 355 358 340 298 300 293 306 307 326 323 287 561 560 541 523 502 510 495 459 443 442 454 266 241 37 57 157 576
29 2 39
24 38
0 493 566 568 571 530 531 532 523 519 517 515 428 433 454 444 298 297 296 300 306 326 552 479 481 482 467 222 561 560 70 72 76 8 108 130 158 491 576
30 2 42
29 53
0 493 527 529 523 521 517 400 410 487 465 460 454 451 356 562 561 560 571 513 331 295 299 243 196 141 131 160 162 163 104 100 82 84 70 65 64 63 74 575 491 576
31 2 30
3 20
0 475 510 501 498 496 460 515 389 550 551 552 350 349 348 343 342 314 317 302 260 261 223 235 556 130 85 4 365 576
32 2 31
13 6
0 475 474 491 493 510 497 516 461 456 467 367 305 290 292 293 259 258 175 102 84 132 133 122 163 162 158 156 9 561 576
33 4 40
64 33 26 55
0 490 493 566 572 544 529 508 473 469 462 442 439 430 425 517 518 519 538 329 308 307 332 348 336 444 388 296 265 207 554 557 561 101 87 74 163 161 132 576
34 3 43
16 10 68
0 476 493 527 525 531 518 533 536 537 538 539 349 332 307 289 296 298 363 444 384 385 455 468 512 511 510 560 561 575 8 133 131 130 128 182 179 175 214 223 233 252 576
35 2 28
50 35
0 476 478 479 526 523 518 516 534 331 345 343 299 301 326 251 180 99 77 63 64 60 157 561 560 574 542 576
36 1 54
32
0 477 491 493 504 510 513 428 429 459 457 440 439 383 378 377 391 392 370 354 364 341 342 343 344 339 297 296 300 301 293 331 332 349 253 232 166 133 162 160 76 62 73 72 70 87 557 561 560 523 479 473 467 576
37 3 40
40 52 21
0 477 476 506 492 523 516 515 533 535 536 542 501 499 512 496 458 455 451 447 386 340 343 332 312 313 278 277 232 554 127 130 131 109 119 157 74 48 560 576
38 1 42
51
0 477 492 493 527 523 520 518 515 495 428 400 389 385 359 340 344 332 331 553 552 542 571 560 574 561 184 216 242 164 132 122 121 119 99 90 61 8 72 292 442 576
39 5 32
67 69 12 54 22
0 477 476 479 492 493 564 508 501 512 513 496 518 371 370 351 350 348 347 342 356 459 561 556 201 560 575 65 63 74 107 576
