113
0 1 90
0
0 2 1628 1646 1653 1659 1656 1664 1677 1679 1699 1700 1701 1706 1708 1715 1738 1748 1757 1786 1788 1789 1797 1802 1806 1817 1826 1823 1832 1836 1838 1848 1857 1861 1870 1898 1904 1924 1929 1931 1937 1950 1954 1973 1982 1984 1986 1994 1999 2032 2085 2095 2111 2130 2134 2139 2140 2157 2166 2185 2214 2215 2217 2238 2249 2278 2284 2296 2306 2332 2337 2372 2377 2386 2410 2408 2433 2458 2477 2481 2482 2484 2525 2564 2567 2574 2621 2634 5390 5404
1 1 110
1
0 2 2364 2377 2379 2384 2390 2409 2408 2414 2425 2433 2447 2452 2466 2479 2486 2484 2493 2507 2511 2211 2212 2234 2242 2258 2272 2268 2282 2296 2309 2311 2322 2326 2337 2339 2343 2345 2061 2074 2095 2101 2103 2117 2119 2122 2123 2126 2134 2142 2155 2178 2192 2196 1934 1940 1953 1967 1991 2022 2033 2037 1824 1826 1830 1823 1827 1832 1846 1848 1852 1857 1881 1894 1897 1905 1915 1917 1921 1929 1927 1931 1932 1697 1698 1729 1751 1769 1777 1790 1797 1801 1814 1650 1659 1667 1668 1684 1699 1700 1715 1726 1748 1752 1754 1786 1795 1805 5391 5404
2 1 94
2
0 2 1048 1061 1077 1081 1100 1096 1128 1129 960 968 969 1023 804 842 850 873 875 889 916 668 672 704 709 713 716 734 331 336 344 345 354 351 357 370 383 416 418 427 236 241 248 249 256 258 261 267 269 271 274 276 283 293 296 303 312 314 318 325 571 573 594 607 605 614 623 635 634 638 658 437 453 454 457 462 472 506 510 522 528 210 213 211 220 230 925 930 940 947 949 1017 5390 5404
3 1 76
3
0 2 544 545 555 568 578 579 587 595 598 231 234 236 241 239 248 255 258 267 271 274 277 282 292 296 293 302 304 310 314 219 441 463 464 468 470 486 527 531 535 536 331 345 349 351 357 359 367 378 387 388 389 400 411 415 425 423 424 428 438 440 446 456 466 488 495 502 510 522 523 525 529 530 5391 5404
4 1 88
4
0 2 786 785 790 804 808 809 815 816 817 819 829 827 833 835 845 846 851 853 848 850 857 863 866 873 877 883 884 887 890 898 901 902 903 916 666 668 670 674 671 672 678 679 686 691 688 689 694 700 707 724 722 741 742 759 768 770 775 777 600 601 602 603 607 608 614 620 627 630 636 643 634 638 639 640 651 653 664 925 931 938 937 950 951 952 5391 5404
5 1 65
5
0 2 1294 1295 1301 1303 1323 1332 1335 1339 1341 1159 1161 1167 1176 1182 1183 1187 1194 1196 1227 1232 1252 1261 1280 1287 1284 1290 1046 1051 1059 1061 1084 1085 1086 1105 1104 1126 1127 1131 1135 1136 960 965 969 972 978 984 988 990 987 993 994 998 1004 1000 1013 1017 1025 1023 1024 1029 1032 5391 5404
6 1 73
6
0 2 1561 1568 1565 1566 1573 1577 1582 1599 1600 1604 1619 1617 1434 1464 1465 1484 1525 1531 1292 1297 1309 1310 1315 1323 1329 1336 1339 1344 1354 1356 1364 1372 1396 1394 1399 1400 1414 1153 1158 1161 1167 1168 1169 1184 1194 1196 1200 1199 1222 1227 1270 1280 1287 1290 1135 1137 1142 1147 1146 1460 1462 1468 1474 1502 1516 1521 1544 1545 1549 5390 5404
7 1 57
7
0 2 1565 1576 1577 1582 1579 1586 1603 1612 1617 1621 1631 1636 1641 1645 1429 1430 1436 1443 1448 1450 1453 1497 1507 1515 1516 1521 1526 1531 1532 1542 1553 1350 1353 1361 1360 1379 1380 1396 1399 1414 1422 1420 1434 1445 1456 1466 1474 1476 1517 1522 1529 1534 1539 5391 5404
8 1 68
8
0 2 3167 3168 3170 3173 3174 3180 3181 3185 3192 3196 3197 3198 3199 3206 3207 3214 3224 3225 3227 3242 3243 3248 3250 3251 3252 3254 3267 3265 3269 3270 3277 3278 3285 3287 3284 3283 3056 3054 3058 3059 3073 3074 3081 3085 3087 3090 3096 3105 3106 3103 3108 3111 3114 3119 3128 3138 3142 3147 3149 3150 2973 2975 2993 3036 5391 5404
9 1 56
9
0 2 3168 3170 3181 3186 3195 3196 3194 3202 3199 3207 3214 3215 3217 3219 3221 3227 3228 3230 3240 3248 3251 3252 3260 3261 3268 3275 3285 3287 3283 3003 3076 3083 3081 3089 3097 3101 3106 3115 3120 3130 3140 3141 3145 3149 3152 2997 3039 3040 3046 3052 3058 3055 5390 5404
10 1 157
10
0 2 3415 3420 3433 3434 3444 3446 3464 3470 3471 3483 3505 3512 3528 3547 3553 3554 3561 3572 3569 3570 3579 3580 3581 3583 3584 3604 3612 3615 3621 3622 3632 3642 3659 3663 3668 3679 3684 3951 3950 3958 3960 3965 3974 3984 3983 3991 3993 4002 4015 4036 4049 4050 4052 4053 4055 4056 4069 4067 4068 4082 4088 3841 3846 3855 3858 3863 3861 3862 3867 3874 3877 3890 3886 3888 3909 3930 3937 3944 3945 3948 3709 3716 3721 3714 3717 3720 3744 3748 3758 3762 3767 3771 3778 3782 3786 3789 3795 3796 3820 3823 4092 4106 4109 4111 4117 4121 4132 4130 4135 4136 4138 4143 4149 4154 4156 4167 4168 4169 4173 4170 4177 4179 4183 4181 4186 4187 4189 4194 3403 3404 3410 3424 3467 3481 3491 3503 3520 3289 3308 3323 3321 3333 3336 3348 3352 3363 3367 3384 3389 3393 3395 3396 3400 5391 5404
11 1 164
11
0 2 3410 3423 3446 3461 3467 3472 3483 3485 3505 3511 3546 3557 3561 3566 3581 3590 3612 3614 3618 3621 3622 3631 3632 3633 3640 3639 3644 3648 3651 3655 3665 3687 3698 3718 3719 3723 3730 3732 3736 3737 3745 3749 3750 3755 3769 3778 3774 3789 3791 3812 3823 3829 3846 3857 3854 3860 3862 3874 3875 3882 3884 3886 3896 3893 3901 3903 3909 3918 3920 3921 3928 3930 3929 3935 3946 3954 3956 3960 3965 3973 3983 3992 3993 3994 3995 4010 4014 4028 4030 4055 4050 4052 4059 4077 4079 4088 4100 4107 4111 4113 4121 4124 4132 4146 4150 4164 4167 4170 4178 4179 4183 4189 4200 4202 4205 4207 4212 4214 4222 4231 4234 4236 4248 4246 4247 4251 4258 4269 4278 4280 4275 4276 4305 4307 4310 4318 4320 4334 4335 3421 3442 3481 3487 3524 3528 3541 3302 3301 3323 3324 3330 3359 3360 3366 3370 3375 3389 3398 3394 3400 5390 5404
12 1 81
12
0 2 4471 4470 4472 4475 4478 4482 4486 4495 4493 4494 4497 4499 4500 4514 4545 4557 4561 4568 4592 4599 4601 4607 4614 4627 4632 4634 4650 4657 4660 4664 4666 4681 4683 4700 4704 4723 4727 4731 4729 4734 4741 4773 4782 4784 4792 4797 4795 4800 4808 4809 4810 4821 4824 4831 4833 4836 4837 4850 4247 4340 4344 4345 4349 4351 4374 4377 4382 4387 4398 4394 4395 4411 4412 4424 4415 4422 4428 5390 5404
13 1 118
13
0 2 3516 3671 4225 4231 4254 4255 4259 4272 4302 4307 4308 4310 4316 4332 4338 4349 4351 4360 4366 4367 4372 4377 4376 4381 4387 4399 4397 4412 4416 4418 4414 4415 4430 4433 4439 4443 4448 4451 4457 4470 4473 4478 4483 4484 4485 4486 4500 4519 4531 4532 4540 4542 4556 4562 4571 4573 4583 4584 4580 4586 4590 4607 4609 4610 4615 4631 4636 4634 4641 4651 4656 4664 4671 4677 4674 4675 4684 4689 4691 4699 4706 4732 4738 4736 4737 4754 4761 4767 4775 4782 4779 4785 4794 4808 4810 4824 4823 4831 4833 4835 4842 4844 4850 4218 4224 4233 4247 4257 4258 4265 4275 4276 4205 4207 5391 5404
14 1 35
14
0 3 5314 4349 4415 4221 3890 3820 1186 1090 670 873 241 255 279 452 1574 1769 1777 2429 2549 2568 2764 2960 3350 3355 3383 4469 4584 4836 4844 5019 5211 5392 5404
15 1 50
15
0 3 5314 3164 3205 3214 2925 2081 1883 1714 1721 1777 1816 1564 1628 1161 1166 1168 1227 1275 1281 1315 700 777 817 865 913 255 258 279 322 651 1034 1058 1085 1128 1137 3388 3820 3884 4069 4079 4417 4536 4543 4954 5220 5253 5392 5404
16 1 27
16
0 3 5314 1469 670 341 255 1101 1128 1804 2191 2937 2940 3193 3214 3884 4141 4201 4536 4552 4641 4836 5128 5226 5231 5392 5404
17 1 45
17
0 3 2536 2405 2203 2254 2346 1693 1535 1041 1071 670 685 790 800 817 858 870 901 457 352 403 236 255 277 545 548 555 978 996 1375 1521 1538 1879 1883 1899 1165 1186 1212 201 2009 2069 2118 5392 5404
18 1 45
18
0 3 5157 5080 5089 5091 790 670 590 258 279 282 356 1014 1061 1159 1375 1521 1564 1716 1887 1895 1990 1997 2408 2415 2428 2430 2436 2500 2498 2208 2237 2346 2070 2079 2118 2141 2930 2941 2746 5320 5330 5392 5404
19 1 18
19
0 3 4836 4938 3740 2369 2070 2111 790 902 1224 1842 5098 5293 5309 5320 5392 5404
20 1 43
20
0 3 5273 5297 4153 3508 2940 3053 2789 2549 2668 2070 1955 1976 1586 1595 1428 1469 1528 1300 1375 1073 968 873 882 692 352 362 421 236 220 646 3355 3814 3884 3952 4060 5150 5163 5000 5256 5392 5404
21 1 40
21
0 3 3349 3235 2990 3075 3109 2841 2939 1639 921 991 685 692 710 362 310 519 524 892 1181 1202 1502 2058 2070 2077 2167 2248 2544 4485 4494 4541 4552 4929 5150 5268 5323 5331 5392 5404
22 1 29
22
0 3 5128 4905 4250 4269 4277 4055 1761 1128 236 277 279 670 1031 1092 1169 1564 1605 1480 1494 2407 2327 3457 5210 5239 5251 5392 5404
23 1 40
23
0 3 4985 5000 3857 3214 934 421 524 548 555 640 986 987 1031 1090 1101 1109 1114 1518 1542 1883 1819 2407 2019 2759 3553 3503 5322 4857 4867 4943 4972 4452 4536 4055 4060 5238 5392 5404
24 1 10
24
0 3 2784 1819 1591 670 1136 4536 5392 5404
25 1 28
25
0 3 4783 1860 1879 1716 1645 1542 1151 1178 1237 1244 1085 1095 1108 1134 983 688 3122 3594 3169 3867 4057 4395 4451 4536 5392 5404
26 1 36
26
0 3 4109 2941 2683 2354 2167 1469 1480 1070 1101 1263 867 986 357 685 713 230 1785 2178 2647 2649 2666 3030 3235 3260 3890 4235 4376 4469 4504 4734 5008 5247 5392 5404
27 1 16
27
0 3 4377 1860 1605 1480 1090 1110 790 902 728 428 255 230 5392 5404
28 1 23
28
0 3 5284 4469 4552 4584 4250 4095 3401 3512 3087 1563 1257 1109 1113 524 804 279 2146 3355 4032 5392 5404
29 1 15
29
0 3 5268 5285 5299 5300 5301 5304 5307 5310 5212 5263 5351 5392 5404
30 1 21
30
0 3 1983 2034 1860 255 300 362 706 882 983 1134 1476 1480 1535 1384 2579 2798 5320 5392 5404
31 1 13
31
0 3 5128 255 277 1073 1121 921 1610 1696 5314 5392 5404
32 1 33
32
0 3 4641 4905 3783 3819 1706 1780 1073 1101 1134 975 398 519 892 1965 2033 2059 2135 2188 2407 2515 2550 2622 2674 2771 3170 4345 4423 4016 5249 5392 5404
33 1 17
33
0 3 4358 3493 1706 1743 1860 2530 4541 4764 4963 5240 5322 5325 5333 5392 5404
34 1 23
34
0 3 5268 5314 5128 4782 4973 4548 3781 1741 1575 937 706 330 255 279 2494 2332 2681 2047 4032 5392 5404
35 1 32
35
0 3 5314 2998 2574 1560 1165 1200 1208 1275 817 864 277 1079 1100 1108 1110 1128 1132 1502 2079 2146 2347 4484 4948 5128 5228 5231 5352 5319 5392 5404
36 1 21
36
0 3 5314 4395 3847 585 672 817 934 992 1085 1105 1476 1513 1563 2940 2714 5210 5221 5392 5404
37 1 15
37
0 3 1200 983 4487 4505 4867 4963 5128 5247 5313 5314 5323 5392 5404
38 1 24
38
0 3 4417 4021 4079 3445 3307 3367 1586 352 362 282 1092 1101 1415 1513 2190 4201 4247 5243 5252 5266 5392 5404
39 1 18
39
0 3 3847 3856 3272 3138 2784 1073 352 523 817 873 1425 2079 3383 4867 5392 5404
40 1 11
40
0 3 4548 4631 1384 983 362 4179 4487 5392 5404
41 1 7
41
0 3 4947 5128 5252 5392 5404
42 1 18
42
0 3 5314 4376 4382 3740 2047 792 670 2929 3200 3314 3312 4584 4967 5123 5392 5404
43 1 25
43
0 3 5340 2261 2332 1091 670 685 817 255 279 1371 2034 2050 2085 2549 2945 2948 3383 3674 4451 4954 5314 5392 5404
44 1 13
44
0 3 5268 2997 1109 400 220 279 590 1777 4055 5392 5404
45 1 23
45
0 3 2960 2798 1188 1208 1207 1064 1071 1131 1434 337 350 366 419 255 224 229 1772 1819 1829 5392 5404
46 1 21
46
0 3 4543 4584 4270 4053 4064 4088 2997 3052 3820 934 960 987 259 4661 4796 4808 4967 5392 5404
47 1 15
47
0 3 5285 1716 1819 1860 963 3052 4088 4376 4415 4891 5211 5392 5404
48 1 22
48
0 3 5352 4250 4071 4469 4782 4796 4814 4836 4856 4954 4967 5182 5150 5270 5284 5286 5301 5308 5392 5404
49 1 12
49
0 3 5267 5281 4951 4961 4967 4973 4985 5346 5392 5404
50 1 21
50
0 3 4552 4291 4035 4055 2261 2289 1883 1714 1719 1794 877 1425 1535 1553 3512 3644 4469 5392 5404
51 1 22
51
0 3 4773 4265 4291 4302 4032 2939 1862 912 983 1022 1599 4377 4487 4698 5270 5271 5272 5223 5392 5404
52 1 16
52
0 3 4967 4548 4250 2897 2895 1066 1101 1011 3197 5249 5314 5333 5392 5404
53 1 17
53
0 3 4973 4991 2559 2386 1836 1847 1866 1916 1425 1560 1944 2150 5150 5392 5404
54 1 17
54
0 3 5281 3666 2386 2079 2178 822 901 470 642 1434 1608 3511 4867 5392 5404
55 1 16
55
0 3 5128 4573 3512 937 1434 2124 2146 2327 2680 2946 3724 5247 5392 5404
56 1 15
56
0 3 4212 4201 3539 2009 1392 1483 2746 3590 4910 4926 4973 5392 5404
57 1 9
57
0 3 4867 4954 4967 5128 5150 5392 5404
58 1 9
58
0 3 5299 5314 5247 4910 4926 5392 5404
59 1 8
59
0 3 5314 5220 5234 5346 5392 5404
60 1 5
60
0 3 5325 5392 5404
61 1 74
61
0 2 2381 2390 2547 2575 2649 2660 1824 1823 1835 1838 1848 1854 1857 1858 1860 1873 1877 1878 1888 1889 1897 1906 1915 1920 1921 1925 1696 1700 1718 1719 1732 1741 1744 1745 1751 1756 1757 1765 1788 1799 1797 1805 1818 1820 1584 1599 1629 1648 1646 1656 1657 1671 1690 1235 895 1509 2161 2172 2295 2726 2723 2724 2891 2898 2904 2925 2944 2945 2954 2953 5389 5404
62 1 93
62
0 2 544 555 561 565 570 571 574 583 591 596 593 608 617 625 632 638 644 648 650 658 661 435 438 457 486 509 510 522 529 530 331 336 353 355 356 359 351 357 358 378 387 391 397 400 422 427 246 247 248 252 255 258 269 270 271 274 277 280 283 284 282 289 292 296 297 298 293 295 303 304 309 312 310 311 314 317 208 213 218 220 229 230 449 459 477 488 494 512 528 5389 5404
63 1 84
63
0 2 1044 1048 1059 1057 1070 1082 1085 1086 1087 1097 1094 1105 1111 1112 1108 1116 1128 1129 1135 1136 1142 1144 917 924 926 936 955 976 978 981 985 986 987 995 1004 1012 1017 1021 1025 1019 1029 1037 1038 1040 785 790 799 806 804 814 817 825 827 831 833 846 859 873 898 896 904 914 915 668 670 674 672 691 689 696 710 712 724 732 736 740 746 751 770 777 5389 5404
64 1 62
64
0 2 1294 1301 1303 1309 1316 1323 1330 1331 1336 1334 1339 1341 1347 1346 1354 1356 1364 1375 1382 1378 1380 1388 1391 1396 1397 1394 1400 1402 1403 1152 1153 1159 1160 1165 1169 1172 1178 1186 1192 1194 1206 1219 1241 1282 1290 1147 1149 1146 1151 1157 1167 1174 1231 1239 1245 1260 1266 1277 5389 5404
65 1 62
65
0 2 1567 1565 1573 1574 1576 1577 1582 1586 1602 1608 1604 1617 1628 1631 1636 1640 1643 1644 1645 1432 1434 1455 1456 1468 1475 1476 1482 1520 1524 1526 1529 1534 1538 1540 1544 1545 1549 1550 1404 1418 1422 1420 1428 1436 1446 1453 1464 1471 1480 1484 1489 1507 1516 1521 1531 1532 1535 1542 5389 5404
66 1 71
66
0 2 3167 3168 3170 3176 3178 3180 3181 3186 3187 3190 3196 3194 3203 3207 3212 3214 3218 3222 3225 3227 3230 3239 3247 3251 3261 3267 3272 3265 3269 3277 3281 3283 3012 3055 3054 3058 3068 3073 3072 3082 3081 3085 3086 3087 3088 3092 3104 3101 3108 3114 3115 3127 3130 3134 3139 3132 3138 3141 3143 3142 3149 2992 2997 3009 2968 2969 3037 5389 5404
67 1 171
67
0 2 3402 3404 3410 3415 3420 3421 3422 3423 3446 3449 3463 3480 3481 3486 3492 3501 3515 3512 3513 3528 3530 3535 3539 3541 3544 3543 3288 3289 3296 3297 3304 3315 3323 3324 3331 3332 3336 3340 3346 3350 3359 3360 3378 3379 3381 3383 3386 3388 3389 3397 3400 3693 3716 3721 3730 3736 3759 3761 3767 3768 3769 3770 3775 3777 3778 3820 3833 3839 3845 3850 3851 3857 3858 3864 3866 3869 3870 3874 3880 3884 3888 3895 3918 3920 3926 3930 3945 3952 3954 3956 3959 3960 3965 3972 3981 3987 3992 3996 3997 4010 4012 4019 4029 4026 4033 4034 4040 4041 4039 4047 4048 4055 4056 4052 4059 4067 4074 4077 4080 4081 4078 3846 3853 3871 3879 3889 3890 3896 3903 3909 3937 3946 3947 3685 3706 3712 3717 3720 3725 3726 3727 3786 3801 3553 3565 3571 3570 3579 3582 3587 3583 3585 3590 3593 3601 3606 3611 3612 3618 3632 3661 3663 3668 3674 3679 3680 3683 5389 5404
68 1 151
68
0 2 4088 4092 4099 4100 4103 4107 4115 4132 4136 4146 4148 4149 4158 4159 4179 4186 4187 4189 4193 4194 4201 4202 4205 4207 4208 4214 4226 4228 4233 4231 4236 4247 4253 4254 4251 4258 4266 4269 4272 4274 4275 4276 4279 4280 4292 4302 4300 4316 4320 4332 4334 4335 4340 4372 4376 4381 4385 4386 4383 4394 4409 4410 4412 4413 4414 4424 4428 4430 4434 4444 4451 4452 4454 4458 4467 4475 4480 4483 4484 4488 4489 4493 4503 4500 4505 4506 4509 4513 4512 4519 4523 4537 4538 4543 4545 4563 4573 4574 4578 4586 4587 4599 4600 4602 4607 4609 4614 4633 4635 4643 4648 4647 4651 4655 4659 4663 4664 4677 4681 4684 4695 4693 4702 4703 4700 4728 4730 4740 4741 4750 4755 4777 4793 4795 4802 4803 4804 4830 4831 4834 4835 4837 4844 4846 4847 4848 4850 5389 5404
69 1 95
69
0 3 5008 4334 4376 4435 4011 4086 3550 3585 3605 3657 3679 3732 3734 3799 3804 3884 3918 3427 3425 3430 3461 3487 3488 3497 3505 944 895 669 625 652 522 357 422 229 1786 3027 2973 3154 3164 3172 3214 3219 3260 3269 1942 1984 1851 1855 1157 1158 1192 1231 1248 1261 3049 3083 3119 2607 1613 1625 1640 1644 1657 1452 1514 1521 1528 1544 1387 4191 4201 4466 4480 4519 4548 4573 4619 4635 4695 4697 4713 4856 4881 4885 4924 4922 4926 4947 4955 4956 4969 5393 5404
70 1 78
70
0 3 3595 3605 3607 3657 3670 3427 3437 3457 3461 3487 3497 3540 2938 2935 2940 2941 1313 1314 1350 1387 1408 1412 1158 1248 1268 1087 944 895 908 910 301 652 1536 1942 1949 2589 2733 2761 2763 2783 2319 3052 3074 3109 3132 3016 3721 3785 3819 3823 4362 4857 4867 4864 4874 4909 4952 4954 4969 4753 4679 4697 4706 4713 4721 4726 5006 5026 5080 5083 5089 5095 5097 5106 5393 5404
71 1 82
71
0 3 2986 2988 2989 3016 3030 3034 2965 2970 3073 3076 3083 3108 3111 3126 3131 2953 2771 1758 1569 1574 1613 1619 1617 1641 1645 1644 1661 1747 1799 1819 1858 1865 1917 1489 1507 1529 1532 1535 1539 1307 1316 1330 1336 1337 1352 1358 1371 1404 1182 1243 1287 1085 1133 1150 1015 1025 892 685 347 357 362 247 248 258 284 313 317 540 624 625 252 277 285 295 228 1165 1227 2429 5393 5404
72 1 116
72
0 3 5123 4191 4201 3960 3988 4011 4072 4086 3840 3861 3874 3890 3944 3945 3483 3303 3367 3394 3395 3427 3461 3487 3497 3544 3613 3670 3730 3819 3833 3835 3164 3207 3214 3273 3274 3286 1700 1704 1752 1751 1309 1318 1337 1352 1371 1385 1390 1470 1471 1476 1516 1531 1534 1542 1545 1608 1639 1650 1661 1682 234 247 258 269 284 296 306 313 320 336 361 362 477 531 624 1233 1257 1258 1266 1277 1926 2988 3014 2973 3073 3071 3083 3085 3108 3131 3132 3006 3041 4276 4335 4341 4424 4431 4436 4435 4655 4723 4728 4733 4580 4515 4786 4905 4941 5006 5013 5116 5393 5404
73 1 117
73
0 3 5126 5106 5006 5010 4357 4376 4854 4864 4882 4948 4954 4811 4816 4827 4475 4496 4505 4540 4623 4627 3975 3983 4001 4038 3870 3874 3880 3886 3948 3427 3441 3457 3461 3487 3497 3595 3601 3620 3684 3724 3725 3776 3783 3804 3819 3823 4134 4173 4201 4286 4307 3370 3175 3201 3261 3163 3076 3083 2988 3034 1566 1573 1613 1622 1645 1654 1666 1688 1432 1458 1464 1044 1076 1085 1136 1151 1194 1290 1336 1364 1396 231 252 260 261 259 270 278 306 332 347 362 398 476 580 980 1022 1032 878 892 1777 1811 1908 1926 1174 1278 1279 210 2936 2954 2953 4716 4735 5393 5404
74 1 106
74
0 3 4552 4559 4586 3717 3823 3551 3437 3441 3453 3487 3484 3164 1866 1879 1461 1557 1307 1403 1151 1158 1161 1164 1186 585 301 332 362 944 984 790 863 902 908 1937 1942 2024 2051 2061 2086 2105 2121 1773 1802 1805 1813 1085 1108 1127 1147 2218 2228 2226 2241 1608 1613 2895 2390 2431 2446 2474 2562 2589 2622 2635 2642 2722 2749 2784 2794 2988 2997 3068 3313 3723 3819 3844 3873 3874 3989 4062 4094 4184 4221 4246 4282 4288 4307 4356 4657 4679 4739 4778 4804 4831 4867 4884 4891 4909 4917 4962 4987 5064 5393 5404
75 1 92
75
0 3 5179 5190 4095 3956 3967 3971 4071 3931 3937 3702 3745 3775 3819 3392 3396 3441 3445 3457 3461 3481 3487 3491 3496 3497 3521 2977 3011 3054 3103 3111 2904 3179 3220 3243 3276 3277 2606 1589 1604 1613 1628 1688 1722 1729 1786 1085 1137 1150 1168 1174 1230 336 362 398 231 252 285 299 322 220 224 712 1364 1476 1489 1535 1924 1930 2031 2057 3550 4214 4250 4376 4854 4884 4899 4969 4573 4610 4479 4506 4513 4519 4997 5026 5037 5131 5393 5404
76 1 118
76
0 3 4545 4550 4573 4586 4601 3969 3975 4051 4057 4059 3846 3861 3895 3909 3702 3714 3724 3730 3781 3785 3812 3819 3820 3823 3851 3947 3168 3173 3196 3203 3200 3218 3222 3242 3243 3246 3260 3277 3287 3550 3566 3579 3582 3595 3679 3682 3403 3404 3461 3487 3497 3517 3530 3540 3544 3163 3164 3420 3427 3457 3477 3483 3559 3568 3570 3605 3634 3678 4276 4341 4347 4408 4415 4436 4439 4278 4279 4301 4317 5089 5093 5098 5006 5010 5018 5026 5033 3302 3317 3343 3378 3952 4017 4045 4080 4127 4138 4144 4159 4170 4175 4189 4201 4205 4515 4643 4859 4866 4900 4916 4932 5123 5148 5160 5393 5404
77 1 116
77
0 3 5013 5038 5112 4761 4783 4836 4857 4867 4910 4921 4928 4954 4594 4609 4504 4559 4584 4260 4358 4391 4022 3866 3874 3886 3887 3608 2925 2947 1589 1613 1693 1444 1450 1456 1463 1464 1476 1519 1525 1528 1534 1557 1297 1330 1354 1375 1396 1404 1422 1159 1184 1188 1201 1202 1207 1215 1234 1240 1246 1254 1258 1276 1041 1085 1090 1101 1108 1125 1128 669 713 575 248 258 268 289 322 203 218 477 500 505 873 983 1025 1564 1606 1617 1628 1645 1647 1656 1688 1694 1750 1794 1817 1816 1829 1865 1915 1940 2034 2332 3067 3080 3122 3011 3030 3265 3277 5212 5393 5404
78 1 105
78
0 3 1940 1984 1829 1845 1850 1848 1915 1708 1712 1728 1754 1769 1777 1780 1813 1569 1574 1613 1617 1628 1645 1651 1650 1659 1688 1427 1444 1456 1474 1487 1489 1519 1541 1544 1297 1316 1331 1332 1336 1356 1359 1375 1396 1394 1420 1422 1161 1178 1207 1234 1241 1245 1250 1248 1249 1259 1261 1263 1281 1277 1041 1061 1067 1073 1076 1079 1085 1091 1098 1112 1108 1109 1128 1136 1147 926 1004 901 668 673 759 640 231 240 241 239 242 248 258 261 284 310 220 230 466 476 478 2406 2486 2255 2797 5393 5404
79 1 103
79
0 3 4340 4345 3999 4006 4057 4060 4086 2988 3011 3067 1699 1754 1758 1784 1790 1794 1801 1828 1840 1848 1865 1870 1879 1883 1895 1426 1432 1434 1441 1453 1489 1511 1521 1535 1545 1301 1316 1319 1325 1330 1331 1336 1359 1390 1415 1420 1422 1159 1161 1204 1215 1250 1278 1286 1061 1128 1136 1148 921 942 1022 1574 1613 1612 1639 1671 1677 1693 1688 1694 252 318 207 214 248 255 300 366 480 660 2224 2386 2925 2941 3221 3261 3874 3909 3736 3820 3324 3349 3386 3453 3501 4153 4276 4284 4286 5393 5404
80 1 91
80
0 3 5272 5212 5218 5128 5130 4095 3693 3724 3736 3856 3453 3495 3154 3164 3200 3261 2920 2925 2942 2741 2789 2602 2306 2332 2340 1828 1906 1455 1458 1469 1476 1479 1491 1513 1535 1557 1301 1384 1188 1200 1207 1234 1244 1251 792 863 767 588 236 258 272 292 498 519 523 1073 1079 1092 1109 1140 1148 987 1604 1613 1617 1688 1694 1970 1825 1837 1851 1809 1819 3067 3395 4060 4087 4377 4452 4548 4783 4822 4864 4925 4982 5002 5107 5393 5404
81 1 74
81
0 3 5010 5038 5047 5064 5103 5110 5113 5114 4345 4445 4308 4153 3524 3538 3340 3178 3238 3277 2050 3049 3109 3114 3010 2741 1723 1763 1805 1813 1816 1838 1899 1453 1541 1317 1188 1207 1223 1231 1251 1063 1074 1079 1087 1114 1137 941 1613 1641 1645 1647 1688 2356 873 231 248 258 201 241 624 2935 4002 4032 4053 3856 4677 4702 4568 4531 4818 4943 5393 5404
82 1 51
82
0 3 5182 5229 5300 3890 3406 3453 3495 3312 3350 3756 3820 4153 4203 4856 4905 4951 4836 4844 4848 3224 2985 2988 3065 1436 1450 1453 1487 1573 1613 1647 1688 1239 1257 1316 984 1073 720 2515 1738 1809 1829 1848 1885 1909 246 255 2750 5393 5404
83 1 79
83
0 3 1436 1438 1445 1453 1458 1463 1476 1514 1532 1535 1534 1557 1558 1301 1309 1313 1316 1324 1326 1336 1361 1380 1399 1403 1422 1153 1159 1167 1171 1176 1182 1194 1247 1258 1061 1087 1095 1126 1127 1137 670 752 817 873 952 980 1017 1566 1571 1574 1579 1584 1613 1617 1638 1640 1645 1647 435 449 362 384 284 299 207 210 231 255 256 258 269 277 296 647 661 5393 5404
84 1 80
84
0 3 2298 2331 1856 1865 1866 1878 1908 1917 1923 1927 1741 1780 1786 1817 1571 1607 1613 1628 1635 1657 1666 1453 1532 1541 1310 1319 1332 1336 1377 1184 1196 1260 1063 1085 1088 1106 936 978 984 1027 817 820 670 746 756 767 548 618 650 477 208 221 258 282 307 310 332 362 427 1696 1814 2086 2150 1984 2045 2420 2427 2468 2518 2541 2595 2636 2641 2645 2652 2715 5393 5404
85 1 64
85
0 3 5273 5284 2559 3087 3138 2024 1833 1866 1711 1719 1802 1805 1809 1573 1605 1613 1638 1642 1671 1694 1166 1190 1222 1225 1227 1249 1258 1041 1071 1085 1463 1468 1548 1303 1350 1356 1377 1388 248 252 272 280 3274 3277 2925 3477 3497 4154 4158 4286 4415 4506 4844 4854 4899 4929 4948 4957 5000 5027 5393 5404
86 1 72
86
0 3 3011 3014 3067 3147 2838 2849 2925 3238 3264 3164 3416 3463 3535 3548 3589 3644 3740 3744 3857 3930 3940 4003 4052 4086 4107 4140 4191 4190 4212 4286 4340 4345 4373 4424 4467 4489 4504 4509 4506 4512 4556 4584 4712 4730 4733 4739 4808 4810 4822 4866 4867 4864 4874 4909 4926 4928 4948 4954 4962 4982 4991 5010 5027 5038 5080 5131 5157 5224 5393 5404
87 1 67
87
0 3 4114 3785 3823 2977 3002 2965 2683 2941 2166 2277 1827 1829 1841 1857 1865 1874 1550 1296 1352 1404 1184 1186 1192 1290 1064 1086 1088 1025 422 231 247 310 548 902 1792 1571 1608 1613 1675 2567 2666 2387 3154 3461 3487 3497 3595 4854 4866 4867 4899 4905 4919 4939 4954 5007 5008 5006 5019 5038 5091 5204 5137 5393 5404
88 1 56
88
0 3 4362 4664 1661 1776 1780 1786 1799 1796 1811 1837 1855 1854 1865 1866 1926 2594 2750 2898 2908 2938 2478 2511 5144 5148 4999 5002 5010 5012 5016 5025 5026 5028 5027 5032 5036 5038 5047 5055 5053 5054 5067 5078 5081 5080 5087 5089 5091 5106 5107 5108 5110 5112 5393 5404
89 1 69
89
0 3 5289 5254 5095 4836 4452 4574 4240 4324 3878 3907 3401 2549 1563 1567 1186 1227 1332 1336 1396 1769 1825 1828 1898 1432 1434 1444 1455 1471 1519 1521 1532 1535 1534 1549 3055 3083 3141 3143 231 258 352 510 545 581 670 668 695 712 758 1571 1612 1641 1647 1654 1694 925 980 1022 1045 2941 2953 3589 3740 5138 5154 5393 5404
90 1 41
90
0 3 5192 5059 4822 4844 4854 4929 4951 4965 5204 4415 4095 4057 934 960 1022 1694 1456 1538 1333 1159 1188 1234 1239 1258 1263 1067 277 284 646 458 1354 1722 1777 2973 2988 3141 5318 5393 5404
91 1 26
91
0 3 5183 3572 3607 3625 3657 3437 3442 1158 1261 301 1942 1949 3727 3737 3810 3816 3824 3830 4043 4065 4679 4697 5393 5404
92 1 29
92
0 3 3949 4021 4043 1458 1387 1158 1216 1248 1261 1268 1087 321 895 944 1942 1949 3437 2589 3810 3607 3625 4679 4697 4713 4721 5393 5404
93 1 17
93
0 3 4021 4030 4065 3607 3737 1942 1325 1387 1158 1207 1261 321 4706 5393 5404
94 1 21
94
0 3 5356 3607 3657 3721 1158 1261 895 908 301 652 1942 1949 4679 3949 4065 5148 5167 5393 5404
95 1 11
95
0 3 1942 1949 301 908 944 4679 4706 5393 5404
96 1 5
96
0 3 5356 5393 5404
97 1 100
97
0 2 1053 1054 1060 1064 1076 1077 1080 1082 1085 1086 1092 1095 1116 1119 1120 1124 1127 1130 1128 1129 1136 917 923 926 955 956 982 990 995 1004 1015 1016 1020 1024 1031 785 793 801 803 807 844 859 866 873 877 884 890 891 916 668 672 680 679 684 685 691 692 702 700 704 710 720 728 729 740 741 768 769 774 556 567 571 576 578 586 590 602 607 605 612 633 642 651 657 658 919 945 960 966 968 971 972 986 987 1009 1034 5394 5404
98 1 109
98
0 2 2061 2062 2066 2085 2094 2095 2101 2102 2103 2104 2100 2109 2110 2111 2117 2113 2114 2115 2121 2122 2123 2129 2130 2137 2134 1940 1945 1951 1954 1955 1963 1967 1968 1969 1971 1972 1973 1980 1981 1984 1988 1991 1986 1998 1999 2006 2015 2010 2017 2018 2024 2022 2023 2027 2037 2041 1826 1827 1829 1832 1833 1839 1838 1842 1843 1851 1856 1861 1862 1858 1864 1868 1870 1866 1867 1877 1887 1888 1889 1894 1902 1906 1918 1920 1925 1928 1932 1761 1762 1763 1765 1766 1769 1770 1773 1774 1788 1789 1793 1800 1797 1802 1803 1811 1817 5394 5404
99 1 114
99
0 2 2362 2363 2364 2379 2380 2381 2393 2396 2400 2409 2412 2419 2414 2416 2421 2422 2423 2424 2425 2426 2432 2433 2434 2435 2436 2438 2443 2448 2446 2447 2455 2460 2463 2464 2465 2471 2472 2474 2482 2484 2489 2490 2496 2220 2234 2238 2239 2240 2241 2260 2262 2263 2268 2274 2280 2281 2282 2288 2289 2300 2310 2311 2337 2341 2353 2355 2137 2138 2141 2147 2151 2144 2148 2154 2156 2157 2158 2159 2162 2163 2164 2166 2171 2177 2182 2186 2183 2184 2188 2195 2203 2206 2210 2212 2217 2242 2248 2257 2267 2269 2270 2271 2275 2278 2283 2284 2312 2327 2343 2349 5394 5404
100 1 70
100
0 2 1147 1144 1146 1152 1166 1167 1177 1178 1184 1185 1206 1227 1246 1247 1259 1260 1272 1284 1286 1297 1313 1319 1331 1336 1338 1347 1390 1391 1397 1409 1414 1422 1159 1165 1180 1182 1211 1223 1269 1274 1275 1288 1289 1295 1316 1323 1332 1340 1342 1344 1351 1360 1371 1377 1385 1389 1436 1437 1432 1434 1435 1449 1454 1456 1453 1468 5394 5404
101 1 92
101
0 2 2502 2504 2507 2518 2523 2527 2531 2540 2545 2547 2548 2552 2554 2560 2564 2566 2570 2572 2574 2575 2578 2579 2580 2581 2582 2587 2590 2592 2593 2597 2598 2600 2608 2603 2604 2609 2610 2618 2621 2622 2624 2629 2631 2632 2639 2646 2648 2657 2666 2667 2671 2673 2675 2684 2695 2696 2707 2713 2728 2733 2735 2730 2731 2738 2744 2754 2761 2764 2767 2768 2769 2770 2774 2781 2786 2792 2802 2800 2808 2809 2810 2819 2823 2824 2825 2829 2830 2832 5394 5404
102 1 85
102
0 2 539 540 545 548 553 445 456 457 495 500 508 535 329 340 339 345 351 357 356 360 371 367 369 376 393 399 405 412 414 416 422 423 424 428 231 235 244 247 248 249 250 255 259 269 271 275 274 283 288 286 296 293 294 295 302 309 306 314 317 318 323 325 198 199 208 213 211 212 219 221 222 226 229 230 433 450 481 487 522 523 529 5394 5404
103 1 70
103
0 2 1560 1572 1585 1599 1600 1619 1638 1653 1659 1663 1674 1474 1476 1477 1491 1492 1489 1490 1495 1496 1507 1517 1520 1521 1522 1531 1529 1533 1542 1544 1545 1549 1559 1584 1590 1611 1617 1621 1642 1645 1646 1647 1651 1656 1657 1667 1677 1679 1696 1699 1705 1718 1723 1726 1735 1737 1732 1740 1743 1744 1745 1748 1752 1755 1759 1758 5394 5404
104 1 51
104
0 2 3165 3174 3175 3185 3190 3196 3201 3199 3211 3214 3218 3225 3233 3239 3243 3244 3256 3264 3268 3269 3271 3276 3153 3157 3160 3050 3058 3057 3054 3055 3067 3072 3080 3083 3091 3104 3107 3120 3138 3142 3003 3012 2973 2994 3011 3037 3041 5394 5404
105 1 167
105
0 2 3693 3701 3709 3711 3735 3738 3743 3744 3745 3746 3751 3771 3779 3780 3787 3793 3838 3554 3561 3565 3584 3585 3586 3591 3592 3593 3594 3602 3603 3604 3608 3609 3610 3615 3620 3628 3652 3665 3667 3685 3713 3718 3719 3720 3725 3727 3728 3733 3747 3749 3750 3755 3757 3758 3769 3775 3778 3783 3797 3798 3806 3814 3836 3844 3849 3851 3853 3857 3859 3869 3867 3874 3875 3890 3887 3888 3899 3911 3912 3909 3910 3918 3920 3926 3923 3930 3929 3937 3946 3950 3955 3960 3957 3967 3971 3972 3979 3982 3547 3553 3557 3572 3573 3579 3580 3581 3582 3587 3596 3600 3612 3631 3632 3633 3655 3673 3410 3416 3420 3424 3429 3428 3432 3434 3437 3440 3446 3451 3448 3456 3459 3460 3467 3471 3475 3481 3487 3485 3493 3497 3515 3511 3512 3530 3537 3540 3292 3296 3302 3301 3305 3308 3309 3315 3311 3320 3321 3338 3340 3349 3366 3373 3394 5394 5404
106 1 138
106
0 2 4646 4651 4653 4657 4658 4659 4660 4662 4664 4665 4677 4682 4686 4687 4689 4691 4692 4698 4700 4701 4740 4760 4762 4765 4766 4767 4769 4770 4775 4772 4773 4778 4780 4787 4790 4792 4797 4789 4794 4795 4799 4800 4801 4802 4803 4804 4812 4814 4818 4824 4821 4826 4827 4830 4835 4833 4839 4840 4841 4844 4848 4850 4638 4648 4649 4655 4669 4676 4695 4708 4709 4716 4727 4732 4733 4745 4747 4614 4616 4617 4620 4623 4625 4629 4634 4635 4247 5117 2836 2837 2843 2846 2852 2857 2859 2853 2855 2861 2865 2867 2872 2874 2870 2871 2876 2882 2878 2879 2884 2888 2890 2891 2896 2897 2894 2908 2913 2919 2916 2922 2926 2927 2929 2934 2937 2938 2944 2941 2946 2951 2954 1746 1631 255 5394 5404
107 1 93
107
0 2 2059 2106 2114 2134 2139 2150 2162 2165 2172 2177 2181 2186 2184 2188 2193 2203 2221 2234 2241 2249 2259 2296 2301 2309 2326 2332 2337 1842 1848 1854 1863 1877 1894 1896 1905 1915 1917 1704 1718 1715 1763 1769 1773 1782 1783 1794 1811 1814 1567 1566 1574 1595 1600 1617 1618 1624 1641 1645 1646 1656 1661 1669 1678 1429 1449 1457 1463 1474 1471 1486 1512 1525 1532 1529 1544 1545 1546 1549 1399 1406 1414 1420 1950 1954 1972 1982 1983 2018 2033 5395 5404
108 1 95
108
0 2 1309 1310 1313 1329 1330 1334 1339 1354 1360 1364 1392 1151 1158 1166 1168 1176 1181 1183 1204 1227 1230 1261 1279 1054 1064 1087 1090 1100 1116 1128 1129 1133 1135 1136 1137 1142 1147 921 925 926 934 950 955 965 969 971 972 978 980 983 984 993 995 1000 1011 1012 1020 1022 1034 785 791 793 794 799 802 814 817 824 826 843 866 873 877 878 888 901 902 668 670 674 679 682 687 692 693 698 696 746 754 767 777 5395 5404
109 1 78
109
0 2 2412 2433 2450 2486 2493 2508 2341 2351 2379 2380 2386 2413 2439 2469 2484 2509 2511 2534 2553 2556 2559 2564 2567 2574 2597 2599 2609 2622 2645 2650 2652 2649 2658 2661 2670 2681 2689 2700 2717 2719 2720 2740 2750 2767 2779 2780 2791 2793 2794 2802 2826 2831 2834 2832 2838 2844 2860 2864 2865 2867 2873 2888 2890 2892 2894 2898 2912 2929 2935 2940 2943 2945 2950 2961 5395 5404
110 1 68
110
0 2 549 553 555 600 608 620 624 630 632 661 477 479 489 510 522 525 336 341 346 351 357 356 359 366 363 377 384 388 391 392 427 428 239 246 250 255 271 275 274 277 283 284 282 291 293 296 297 298 304 308 314 319 325 199 201 202 210 214 219 222 435 438 457 511 5395 5404
111 1 120
111
0 2 3424 3460 3467 3483 3511 3520 3291 3299 3303 3301 3320 3336 3351 3355 3370 3375 3379 3383 3386 3702 3723 3726 3749 3767 3778 3787 3553 3573 3579 3582 3602 3619 3615 3623 3626 3630 3628 3639 3651 3658 3666 3669 3952 3955 3960 3965 3986 4003 4012 4019 4025 4026 4037 4039 4050 4066 4067 4072 4071 4079 4085 4092 4101 4103 4110 4121 4128 4130 3406 3415 3443 3471 3501 2977 2996 3059 3067 3081 3087 3092 3120 3128 3142 3151 2994 2973 3281 3160 3173 3175 3195 3196 3199 3204 3215 3216 3221 3230 3238 3250 3255 3261 3264 3265 3277 3287 3857 3869 3867 3890 3897 3893 3895 3924 3930 3941 5395 5404
112 1 129
112
0 2 3233 3279 3094 3135 3137 3558 3562 3580 3599 3640 3698 3703 3735 3754 3755 3784 3790 3797 3803 3804 3812 3818 3828 3829 3842 3872 3883 3908 3913 3917 3916 4208 4217 4213 4221 4222 4231 4237 4246 4247 4253 4275 4280 4281 4286 4301 4302 4309 4313 4321 4345 4353 4366 4376 4381 4384 4387 4399 4395 4415 4422 4429 4430 4436 4451 4642 4653 4663 4672 4669 4682 4692 4714 4719 4739 4735 4737 4754 4755 4777 4784 4805 4807 4808 4821 4823 4833 4836 4841 4844 4851 4483 4491 4515 4531 4563 4567 4584 4588 4593 4604 4606 4607 4615 4617 4618 4627 4628 4631 3473 3506 3516 3529 4132 4135 4142 4144 4151 4153 4170 4174 4189 4191 4192 4199 5395 5404
