36
0 1 30
57
0 542 541 539 537 538 536 534 530 329 328 325 322 321 319 318 316 314 332 310 307 338 340 344 345 298 297 274 271 582
1 2 42
59 14
0 560 562 534 538 541 539 537 530 487 493 494 501 473 474 479 396 410 411 420 422 424 426 428 430 432 421 419 300 301 337 336 334 314 318 328 350 390 267 282 561 582
2 2 26
76 84
0 169 192 188 418 420 422 424 426 428 430 434 348 315 318 319 326 329 335 303 370 386 55 68 38 582
3 2 34
8 63
0 116 115 114 508 516 525 492 395 396 398 399 406 414 374 376 347 314 311 332 324 453 454 298 296 295 559 567 76 67 65 49 43 582
4 1 28
75
0 192 467 470 493 428 365 343 339 338 336 335 333 320 329 388 268 292 297 291 285 167 555 549 546 540 536 582
5 1 37
18
0 569 557 560 562 534 536 538 542 544 546 543 535 530 529 531 393 330 329 327 326 322 315 314 312 332 333 336 306 302 301 298 295 280 271 269 582
6 1 37
12
0 573 561 565 534 536 540 544 548 550 552 266 271 279 285 298 345 303 305 307 308 341 340 339 336 334 311 315 317 318 319 320 324 326 327 329 582
7 1 40
25
0 573 570 554 552 555 553 549 545 544 537 535 534 567 565 529 330 329 324 323 318 313 312 331 332 336 340 306 303 302 345 262 269 274 289 291 292 298 297 582
8 1 39
38
0 573 559 548 546 544 547 543 534 535 328 323 322 321 320 319 318 317 314 313 308 307 306 301 300 298 297 285 287 277 274 272 267 345 342 337 334 332 582
9 1 39
45
0 573 572 569 561 558 557 552 550 544 530 329 328 325 324 323 322 320 318 317 315 331 332 311 342 344 304 303 302 300 262 268 272 274 273 283 291 295 582
10 1 33
3
0 574 559 557 555 548 547 542 536 534 566 537 329 326 325 323 322 331 332 314 312 310 336 338 307 306 305 302 301 267 269 278 582
11 2 38
81 52
0 129 176 179 154 465 469 475 477 478 481 493 501 502 418 424 430 432 431 435 394 402 415 268 281 264 345 333 314 347 324 527 537 560 55 45 10 582
12 2 43
65 67
0 128 166 157 151 177 181 193 224 220 233 418 420 422 424 428 430 432 431 449 440 482 471 469 499 497 398 405 409 411 415 377 381 389 391 357 365 303 257 256 278 318 582
13 1 39
41
0 127 167 172 174 176 175 178 148 152 502 500 494 487 483 476 473 471 465 458 455 232 222 220 246 414 413 411 410 406 401 397 379 192 144 93 97 96 582
14 2 54
43 77
0 573 557 559 560 561 565 567 536 538 540 544 550 539 535 530 529 475 189 192 190 186 175 212 295 301 302 304 306 342 341 336 334 333 314 318 320 321 324 327 328 329 390 410 398 429 453 454 156 132 61 54 101 582
15 2 39
33 82
0 101 557 570 567 535 541 546 504 502 494 492 188 190 458 419 422 431 437 394 398 389 390 225 224 221 208 206 174 173 66 64 57 51 46 348 332 340 582
16 3 46
0 44 61
0 100 557 562 567 538 537 541 504 186 175 172 170 131 130 141 153 160 213 461 457 453 451 449 478 477 483 399 406 415 264 266 298 344 309 334 314 316 318 347 353 389 388 327 572 582
17 2 42
56 9
0 100 94 114 115 116 118 126 127 130 135 167 170 175 179 463 461 456 445 443 440 436 434 430 438 399 403 413 370 372 386 380 378 375 365 359 226 213 211 207 471 582
18 1 42
49
0 576 573 572 559 562 565 534 536 538 542 544 550 535 393 329 327 322 318 314 313 312 332 333 334 336 305 303 302 301 297 298 292 290 275 271 267 268 270 272 278 582
19 2 40
51 29
0 573 561 560 558 557 555 548 546 542 543 541 537 536 534 330 327 326 322 319 318 314 332 333 334 336 338 308 306 305 342 302 301 298 297 295 273 269 576 582
20 6 15
35 7 10 16 19 30
0 78 77 264 74 32 38 44 52 55 57 60 62 63 582
21 2 31
68 46
0 78 77 557 544 538 534 541 115 496 479 449 454 193 430 377 345 301 306 316 323 70 66 61 54 48 44 14 71 75 582
22 2 33
72 55
0 78 77 536 520 496 467 477 444 449 457 193 194 167 169 128 155 206 276 300 345 342 305 314 320 326 401 66 35 42 44 46 582
23 1 34
73
0 78 77 558 559 469 475 489 431 429 420 418 256 248 209 219 173 197 386 331 334 337 340 312 314 316 321 322 403 301 274 278 53 582
24 2 49
69 78
0 78 572 565 534 539 530 529 489 495 497 494 503 463 465 190 231 370 375 382 381 390 394 483 331 332 333 313 314 316 317 319 328 309 338 340 342 302 301 297 291 286 170 174 130 135 61 44 582
25 3 40
85 22 71
0 78 77 93 549 537 485 481 478 434 426 422 453 398 331 332 314 318 319 320 323 327 337 301 264 267 278 381 129 69 73 72 76 32 46 54 60 64 21 582
26 3 47
17 34 53
0 89 90 95 101 124 120 129 169 213 222 233 189 191 192 199 460 458 454 455 441 394 396 397 401 403 347 389 387 388 382 374 372 425 467 470 481 484 489 492 496 497 500 503 151 307 582
27 4 45
80 74 66 31
0 109 98 507 504 496 489 527 476 474 469 467 461 456 453 451 438 436 427 424 191 178 175 133 127 120 156 379 382 365 304 306 308 336 331 395 397 399 396 404 407 409 46 37 582
28 2 37
20 21
0 108 109 463 465 461 418 422 426 432 434 394 396 402 405 406 441 449 487 489 491 490 494 495 499 501 498 190 232 222 257 365 347 346 336 381 582
29 3 46
83 42 27
0 108 106 92 114 124 170 171 206 232 461 457 453 465 504 500 499 491 489 485 478 476 394 398 401 407 414 377 381 365 353 350 349 346 337 436 432 431 427 192 186 513 520 61 78 582
30 6 37
32 4 5 40 15 58
0 81 80 581 572 569 567 534 535 537 543 530 529 531 440 393 322 319 331 332 333 336 303 301 300 262 506 78 77 57 55 59 54 68 74 73 582
31 3 22
36 54 23
0 81 80 77 78 513 164 208 445 70 67 64 62 61 57 55 53 42 38 36 26 582
32 3 49
64 60 13
0 110 109 101 94 144 135 132 128 163 151 186 190 192 194 418 420 430 440 444 449 451 457 456 467 469 477 479 478 476 485 497 496 503 175 205 415 402 401 399 398 346 390 382 365 78 64 58 582
33 6 40
37 70 39 11 79 50
0 82 81 77 78 550 546 551 562 564 441 438 399 411 412 376 345 344 303 301 333 332 314 347 476 467 463 189 277 64 68 67 61 55 15 43 35 32 1 582
34 4 21
24 26 62 47
0 83 82 77 78 506 507 521 437 373 190 74 63 61 59 53 54 48 46 44 582
35 5 48
1 2 6 48 28
0 84 86 90 572 103 507 502 495 462 463 465 189 191 192 194 198 170 172 182 153 155 152 163 221 225 231 418 420 430 432 435 438 394 396 389 383 379 371 365 266 455 483 479 476 78 77 582
