19
0 5 10
98 4 77 58 157
0 985 1008 1202 750 749 1006 943 1119 1455
1 10 14
136 106 14 177 116 85 86 22 87 126
0 888 890 909 835 840 762 768 983 1013 1179 913 1299 1455
2 10 11
100 103 140 79 80 81 82 143 23 153
0 803 806 810 813 747 750 1299 898 835 1455
3 10 25
64 164 105 107 17 114 115 179 27 62
0 1039 964 1058 1025 1132 1151 1172 1185 1199 888 887 843 854 807 762 771 779 935 1036 1280 1043 647 962 1455
4 10 19
128 1 165 134 117 118 151 120 184 95
0 714 715 728 729 737 738 648 668 816 1008 1199 961 909 858 733 766 709 1455
5 10 17
129 9 10 45 52 21 181 56 121 28
0 625 628 631 637 640 644 652 762 1130 1199 1117 936 903 1006 709 1455
6 10 16
97 163 132 133 142 113 152 57 90 93
0 689 603 607 707 734 1013 1199 969 1174 1185 706 609 965 1006 1455
7 10 22
65 5 42 43 147 59 156 61 30 31
0 234 414 439 441 448 597 534 536 509 641 924 934 943 878 847 822 1006 1118 410 381 1455
8 10 34
0 2 104 78 18 119 122 91 92 63
0 562 1320 1322 1306 1311 1314 1315 786 789 788 794 800 806 813 816 750 758 761 763 887 897 943 1141 1180 1199 1008 857 1272 1276 670 675 618 1455
9 10 24
96 102 72 73 170 171 13 47 144 60
0 241 245 246 252 490 509 513 1290 1293 802 815 745 750 1202 1180 927 937 400 647 1272 383 214 1455
10 10 11
66 68 167 41 74 173 174 178 149 26
0 218 220 224 225 142 241 248 844 1187 1455
11 10 17
32 162 131 101 71 138 172 145 53 24
0 267 272 282 284 464 466 675 1042 1107 943 927 471 224 143 472 1455
12 10 35
35 137 75 76 111 112 15 20 154 155
0 293 310 314 524 525 534 546 551 395 403 439 444 448 452 460 459 462 469 472 378 1343 1108 1043 874 796 803 1167 421 103 220 529 565 391 1455
13 10 19
33 34 166 40 8 11 110 54 55 89
0 36 152 159 206 211 212 310 490 534 546 376 440 1172 898 208 233 150 1455
14 10 16
99 67 70 135 168 169 141 49 182 29
0 36 74 86 85 88 151 162 314 346 375 534 609 1203 84 1455
15 10 23
160 3 69 44 109 16 146 148 150 124
0 46 52 128 127 132 136 137 141 151 153 274 490 517 521 527 534 331 471 481 1004 314 1455
16 10 26
161 130 7 108 176 83 84 183 158 159
0 114 169 177 176 183 260 262 267 460 490 512 658 728 931 962 964 993 1107 810 1314 33 136 314 700 1455
17 10 22
36 37 38 6 39 175 48 180 125 94
0 54 58 60 63 91 93 96 97 95 101 148 562 472 522 432 551 552 1287 1172 41 1455
18 10 13
139 12 46 50 19 51 88 25 123 127
0 6 7 18 31 32 310 534 549 490 460 477 1455
