58
0 2 206
27 5
0 3 5288 5241 5305 4091 4105 4110 4112 4117 4114 4121 4125 4127 4130 4136 4138 4144 4152 4158 4159 4173 4177 4189 4191 4196 4201 3972 3983 4021 4032 4041 4055 4059 4065 4088 3846 3847 3851 3856 3858 3874 3886 3887 3905 3919 3691 3692 3697 3736 3754 3771 3773 3785 3790 3787 3805 3823 3546 3553 3565 3589 3595 3601 3602 3607 3622 3628 3636 3644 3646 3652 3662 3670 3679 3401 3411 3427 3430 3442 3463 3491 3504 3510 3519 3522 3528 3530 3306 3339 3341 3353 3355 3367 3393 3395 3399 3400 3179 3180 3193 3201 3214 3219 3224 3249 3262 3277 3155 3164 2366 2511 1476 1513 1535 1151 1212 1128 685 1022 357 255 259 261 284 285 293 1064 1071 1099 1134 1738 1771 1780 1836 1950 2894 2922 2954 2953 2085 2146 2163 2332 2338 3043 3050 3103 3107 3119 3131 3005 3016 3030 4231 4235 4246 4252 4278 4279 4275 4276 4307 4325 4328 4360 4377 4384 4385 4386 4394 4407 4422 4446 4451 4642 4655 4707 4718 4723 4737 4750 4836 4527 4548 4559 4570 4573 4580 4590 4594 4633 4857 4867 4902 4909 4910 4917 4946 4951 4952 4987 5163 5366 5365 5404
1 2 179
9 6
0 3 208 213 224 248 255 258 271 288 296 293 318 340 359 435 510 793 1153 1154 1159 1166 1176 1178 1191 1192 1217 1258 1264 1282 1046 1063 1137 1434 1466 1463 1471 1478 1557 1317 1337 1346 1699 1780 1795 1573 1608 1620 1678 1770 1775 2435 2497 2556 2567 1838 1861 1931 2328 2327 2080 2904 2970 3058 3068 3076 3080 3081 3083 3098 3131 3138 3143 2977 2988 3011 3013 3016 3019 3030 3170 3196 3203 3218 3219 3225 3238 3242 3261 3259 3274 3164 3468 3487 3483 3493 3497 3530 3289 3298 3343 3381 3392 3394 3395 3700 3734 3803 3799 3808 3833 3566 3601 3598 3636 3655 3665 3971 3990 4042 4077 4088 3841 3846 3854 3874 3884 3890 3919 3928 3931 3938 4305 4317 4325 4095 4191 4196 4201 5057 5089 5091 5095 5002 5021 5032 5039 5043 5044 5047 4347 4391 4389 4415 4439 4446 4552 4554 4583 4613 4642 4778 4782 4783 4785 4792 4811 4850 4853 4866 4867 4892 4899 4910 4947 4963 4967 5365 5404
2 2 118
10 45
0 3 5123 4376 3503 2981 3011 2549 2666 2763 2223 2332 2353 2354 2402 2507 2511 1944 1950 1954 1829 1833 1851 1856 1859 1866 1905 1708 1721 1724 1726 1757 1777 1803 1573 1608 1618 1630 1639 1644 1651 1436 1433 1434 1455 1468 1469 1464 1470 1494 1507 1518 1535 1541 1550 1557 1301 1298 1305 1323 1336 1346 1364 1368 1396 1399 1153 1159 1161 1163 1169 1176 1192 1196 1202 1261 1085 1108 1110 1137 1142 937 960 983 1018 207 222 244 248 258 275 292 296 293 295 300 306 320 332 351 357 422 476 518 522 528 531 643 670 792 2941 4452 4967 4808 4655 5365 5366 5404
3 2 199
12 94
0 2 3 4991 4995 5008 3115 3118 2945 2953 2960 5367 1114 1128 1142 1143 990 1011 1018 1031 218 236 239 244 248 250 255 258 260 261 269 271 277 282 292 296 293 315 330 341 347 359 422 472 519 522 553 563 625 643 652 669 670 688 724 756 766 790 895 910 1159 1176 1179 1194 1207 1219 1239 1251 1296 1310 1332 1339 1344 1346 1354 1356 1387 1388 1394 1458 1463 1476 1491 1532 1560 1574 1608 1617 1675 1703 1721 1743 1754 1770 1772 1776 1786 1802 1805 1817 1838 1866 1872 1908 1917 1919 1942 1949 1962 1984 1990 2044 2045 3196 3214 3218 3226 3236 3260 3265 3389 3394 3400 3427 3429 3457 3461 3487 3497 3511 3520 3523 3540 3553 3566 3583 3589 3595 3605 3670 3721 3735 3785 3790 3787 3788 3819 3820 3823 3833 3853 3857 3870 3884 3930 3931 3938 3952 3971 4003 4062 4083 4088 4095 4107 4111 4144 4175 4179 4186 4228 4276 4320 4353 4376 4415 4468 4474 4506 4522 4559 4567 4584 4589 4597 4615 4686 4739 4745 4808 4831 4844 4867 4904 4905 4939 4950 5365 5404
4 2 136
4 13
0 3 5227 5136 5144 5152 523 1077 1078 1093 1107 1113 258 268 293 648 670 790 873 1176 1350 1354 1392 1466 1721 1799 1802 1816 1829 1838 1894 1917 1973 2045 2091 2095 2168 2210 2661 2750 2761 2861 2892 2896 2930 2933 2940 2944 2954 2953 2973 2981 3016 3034 3077 3088 3119 3154 3173 3214 3218 3252 3266 3277 3295 3378 3388 3393 3397 3418 3433 3457 3530 3532 3580 3604 3644 3664 3698 3699 3803 3805 3875 3890 3926 3937 3999 4026 4045 4052 4077 4087 4107 4156 4159 4169 4191 4193 4201 4219 4228 4227 4231 4278 4340 4376 4404 4415 4427 4484 4570 4586 4610 4641 4705 4741 4779 4808 4831 4836 4857 4866 4867 4889 4949 4948 4954 4976 4988 5002 5006 5010 5012 5080 5365 5404
5 2 164
16 23
0 3 5270 5272 5284 5064 5101 4976 4989 5028 5033 5032 4357 4362 4376 4377 4394 4401 4415 4426 4430 4436 4445 4212 4221 4228 4238 4276 4308 4325 4153 4158 4173 4175 4199 4202 4453 4475 4482 4491 4519 4526 4548 4545 4549 4556 4573 4579 4586 4589 4612 4609 4651 4658 4661 4678 4679 4706 4726 4739 4753 4754 4805 4814 4824 4844 4850 4857 4866 4864 4874 4890 4899 4905 4928 4943 4967 5365 3607 3625 3657 3437 3483 3501 3539 3343 3389 3395 4022 4021 4055 4085 4088 2994 3052 2530 2538 2693 2799 2895 2913 2077 2097 2111 2167 1966 2033 2035 2047 1564 1591 1645 1726 783 817 836 883 925 953 955 952 963 978 987 993 999 537 560 581 594 640 648 655 697 745 775 780 777 1073 1092 1101 1102 1104 1114 1204 1215 1251 1257 1269 391 400 427 428 498 504 3777 3785 3810 3816 3824 5137 5144 5366 5404
6 2 75
17 53
0 3 5155 3884 3918 4854 4857 4897 4903 4924 4943 4949 4948 4954 4958 4967 4988 4997 5037 5058 5087 2649 2683 2769 3162 3170 3188 3197 3214 3218 3265 2203 2332 2340 2069 1706 1703 552 645 685 682 373 255 258 293 229 1013 794 873 1234 1091 1101 1149 1521 2442 2458 2515 1984 2056 3054 2897 2916 2940 3820 3644 3648 4055 4060 4074 3384 4661 4733 5365 5366 5404
7 2 91
66 18
0 3 5182 5198 5256 5128 1528 1384 1212 1233 1273 817 827 864 873 902 923 928 934 942 972 978 980 1061 1099 1101 1110 1149 668 685 548 629 255 258 275 293 341 356 357 3083 1980 2034 1870 1706 1703 1780 1777 1788 1794 2069 2165 2228 2332 2681 2683 2769 2538 2568 2666 2394 2897 2941 2942 3214 3383 3401 3466 3495 3665 4021 4074 4088 3851 3884 3903 3918 4233 4376 4494 4505 4584 4661 4761 4847 4867 4954 4961 4959 4967 5366 5404
8 2 127
25 101
0 2 3 4981 4341 4360 4377 4398 4409 3965 3983 4022 4042 4095 4109 4125 4149 4158 4173 4189 4201 4207 3688 3710 3727 3749 3753 3759 3794 3815 3820 3851 3853 3884 3937 3416 3436 3446 3456 3486 3496 3494 3526 3535 3568 3626 3646 3654 3658 3665 3670 3682 4473 4509 4572 4597 4657 4672 4677 4684 4749 4797 4841 4925 4941 4946 4954 4972 4804 4809 4831 4274 4286 3312 3327 3340 3355 3377 3383 3214 3245 2538 2550 2556 2599 2649 2433 2214 2223 2228 2322 2332 2063 2069 2079 2146 2180 2191 1186 1043 1108 1112 1149 685 711 884 521 558 231 255 1415 1518 1689 1733 1932 2036 2047 2367 2407 2408 2509 2858 2929 2936 5367 5366 5404
9 2 76
41 26
0 3 4572 2347 2001 1703 1794 1043 1107 1113 937 668 673 685 691 687 693 694 695 696 704 710 716 724 542 548 577 618 631 650 664 430 454 457 458 464 503 504 500 505 519 529 341 356 357 358 365 390 399 397 415 426 248 255 258 282 293 295 312 322 220 1230 1255 2069 2649 2689 2727 3594 3820 3940 4071 4088 4376 5259 5366 5404
10 2 54
28 79
0 3 5274 5285 5308 5320 5323 5340 2925 3193 3224 3553 3587 3644 3646 3674 3729 3781 3823 3831 3355 3386 3466 3479 3493 3517 3532 3535 3847 4221 5230 5253 4573 4584 4021 4088 2224 1300 1339 241 248 285 558 934 1104 1263 792 4484 4808 4822 4856 4969 5366 5404
11 2 113
96 29
0 3 2 3274 2892 2741 1721 1760 1786 1783 1571 1574 1595 1639 1645 1157 1159 1160 1167 1168 1169 1174 1176 1179 1192 1196 1227 1264 1280 1286 1303 1316 1336 1396 1399 1422 666 670 683 685 746 750 756 774 792 804 817 821 914 943 955 999 1053 1076 1080 1084 1086 1093 1095 1123 1124 1128 1129 1137 1142 1147 1474 1534 1551 548 555 588 589 241 239 255 258 271 277 285 292 296 293 309 311 318 316 338 347 356 359 366 391 416 422 457 458 500 528 208 209 222 1976 4135 4149 4201 4726 5366 3388 3491 3553 5367 5404
12 2 48
32 86
0 3 5128 5250 3276 2990 2528 2541 2378 2386 2393 2457 2870 2894 2953 2723 2759 2288 2058 2151 2155 1990 1991 1829 1750 1273 1070 1076 1079 1083 1134 668 777 300 310 873 902 934 4086 3866 3886 4494 4773 4905 4954 4967 5366 5404
13 2 58
34 77
0 3 4088 2619 2649 2811 2028 1384 1399 1422 1750 1780 1564 1606 1625 1161 1188 1240 1273 787 813 814 835 846 850 861 867 873 889 925 963 971 976 980 1004 1007 1014 1027 1029 1033 1061 1063 1066 1085 1095 1111 1128 1134 734 751 777 778 295 312 310 4505 5366 5404
14 2 44
112 35
0 2 3 5284 4052 3851 4212 5062 5356 3607 3634 3487 2223 5367 2057 357 1175 1248 1259 1263 1083 1090 1112 236 255 282 293 295 310 318 222 1777 1645 2904 2936 4484 4494 4679 4698 4706 4763 4899 5366 5404
15 2 65
36 30
0 3 5280 5288 5295 5301 5213 5236 5253 5263 4572 4580 4587 4452 4484 4489 4509 4559 4653 4655 4742 4767 4808 4854 5011 5039 5037 5095 5109 4753 4847 3501 3512 5320 1224 1234 374 246 255 480 865 934 983 1022 1476 1521 1535 2069 2034 2036 1829 1836 1696 1788 873 672 2649 2366 2449 2899 2942 4086 5139 5366 5404
16 2 38
76 37
0 3 3164 4063 4065 4079 3847 3851 3895 3833 3327 3340 3348 3052 3067 2904 1041 1113 1128 685 575 255 293 295 300 325 201 222 1234 1256 1257 1260 1399 1800 4183 4536 5366 5404
17 2 142
2 38
0 3 5096 207 210 244 247 248 253 255 258 269 271 296 293 295 306 324 356 359 456 458 510 648 668 810 928 1061 1093 1112 1127 1128 1159 1174 1176 1182 1185 1196 1230 1233 1243 1252 1258 1268 1275 1276 1277 1287 1290 1303 1305 1310 1316 1332 1336 1350 1358 1364 1383 1399 1402 1408 1432 1455 1453 1466 1476 1482 1506 1535 1534 1538 1552 1557 1558 1555 1563 1567 1569 1564 1574 1580 1612 1622 1639 1647 1678 1699 1700 1712 1721 1716 1730 1758 1786 1784 1788 1805 1831 1829 1836 1837 1854 1866 1878 1890 1923 1929 1996 2381 2223 2332 3196 2992 3087 3138 2854 2925 2935 3724 3851 3895 3990 4052 4095 4250 4358 4376 4386 4415 4469 4531 4536 4573 4578 4854 4886 4929 4961 5365 5366 5404
18 2 152
40 95
0 2 3 5281 5285 5325 5188 5253 5366 2869 2894 2902 2925 2930 2935 2940 2941 2957 2437 3159 3164 3169 3214 3238 3272 3274 3394 3409 3427 3428 3433 3444 3453 3457 3461 3487 3491 3497 3540 3546 3595 3636 3634 3670 3696 3730 3785 3789 3823 3834 4145 4179 4201 3985 3983 3992 4011 4022 4085 4088 3851 3853 3857 3866 3875 3928 4212 4249 4254 4344 4341 4362 4376 4379 4382 4386 4451 4467 4469 4494 4519 4535 4548 4570 4567 4572 4584 4586 4623 4624 4631 4641 4670 4672 4761 4802 4831 4836 4844 4854 4917 4921 4944 4955 4960 4959 4977 4986 5002 5003 5025 5032 5038 5069 5128 777 220 258 282 293 421 457 790 888 890 902 960 1371 1224 1912 2258 2091 2560 2666 2683 2689 2693 2701 2720 2733 2741 2750 2755 2810 2977 2981 3002 3016 3041 3045 5367 5404
19 2 53
80 42
0 3 5033 5095 5150 4175 4088 3861 3903 3914 3938 3495 3289 2798 2649 1838 1714 1722 1794 1814 1591 1632 1645 1480 1513 1542 1549 1411 1128 983 1001 817 902 429 510 336 397 293 224 268 296 621 2899 2941 3147 3164 3272 4376 4512 4954 5365 5366 5404
20 2 138
1 43
0 3 5185 5203 5141 5177 4988 4996 5005 5006 5010 5013 5037 5038 5091 5092 5120 4774 4831 4854 4857 4879 4876 4882 4889 4909 4920 4954 4967 4805 4845 4655 4661 4718 4723 4727 4586 4627 4635 4209 4213 4222 4228 4251 4276 4095 4147 3979 4016 4068 4083 4088 3850 3851 3861 3874 3884 3909 3709 4355 4360 4362 4415 4446 3444 3355 3375 3380 3392 3173 3175 3214 3218 3236 3243 3277 2981 3010 3011 2970 3077 3119 3147 2944 2721 2091 1741 1745 1776 1777 1786 1569 1584 1586 1630 1675 1678 1458 1470 1507 1512 1519 1307 1319 1330 1359 1396 1394 1231 1258 1128 669 793 231 241 245 248 250 258 271 282 293 295 307 306 356 359 422 438 503 518 1848 1855 5229 3644 4467 5365 5404
21 2 35
114 44
0 3 2 3272 2862 2929 2939 2948 2404 2407 1750 1777 2178 2346 4867 4967 5125 5128 4068 5210 5228 5253 5260 5366 229 905 1073 1113 1165 1263 1293 1494 1538 5367 5404
22 2 120
0 46
0 3 5182 4967 3477 3523 3931 3181 3272 2649 1851 1895 1728 1742 1780 1786 1560 1571 1573 1621 1638 1645 1647 1678 1431 1434 1453 1476 1477 1480 1489 1513 1532 1534 1538 1539 1542 1303 1309 1307 1316 1324 1346 1354 1359 1403 1422 1153 1158 1159 1169 1176 1179 1258 1261 1270 1061 1085 1086 1088 1100 1114 1128 963 799 670 539 555 646 477 531 220 231 236 239 244 248 252 250 255 258 259 271 276 284 282 292 296 297 293 295 306 313 317 316 322 325 331 332 340 351 357 356 359 371 379 422 1708 1777 1788 2778 4085 5322 5270 5293 5211 5263 5366 5365 5404
23 2 84
19 47
0 3 5124 5128 5157 4424 4505 4610 4631 4867 4921 4967 4969 4973 4836 4226 4135 4141 4179 4086 3890 3909 3927 3820 3827 3581 3669 3170 3173 3214 2997 3087 3143 2925 2953 2681 2746 2759 2807 2666 2402 2437 2441 2464 2498 2509 2265 2346 2079 2188 2028 1574 1699 1721 230 231 255 258 277 282 285 293 620 1186 1212 1263 1067 1074 1101 1109 1123 1128 1480 1521 873 668 746 357 5232 5240 5252 5253 5366 5404
24 2 142
49 11
0 3 5191 5113 5003 5043 220 239 248 255 264 271 277 296 293 295 299 351 555 1708 1566 1642 1659 1476 1521 1318 1404 976 1001 1085 1086 1087 1095 1150 1153 1154 1158 1168 1186 1192 1216 1214 1241 1248 1268 1280 1831 2263 2079 2095 2146 2546 2559 2649 2672 2762 2940 3048 3068 3119 3152 2977 3011 3196 3207 3211 3550 3565 3580 3583 3594 3603 3604 3613 3404 3451 3461 3473 3483 3493 3502 3296 3336 3383 3393 3952 3984 4053 3846 3875 3890 3887 3940 3685 3692 3730 3771 3773 3803 3813 3814 3823 3830 4107 4113 4127 4159 4168 4189 4198 4256 4276 4286 4317 4325 4341 4350 4376 4384 4391 4451 4514 4519 4536 4537 4572 4578 4586 4602 4678 4684 4750 4754 4775 4847 4866 4923 4954 4973 5365 5366 5404
25 2 140
50 98
0 3 2 3483 3512 2977 2989 3019 3067 3073 3071 3088 3090 3100 3111 3119 3122 3131 3132 2979 2981 2983 2994 2997 3011 3013 2973 2546 2541 2547 2549 2554 2587 2594 2595 2631 2634 2684 2699 2739 2743 2763 2771 2797 2799 2810 2811 2208 2228 2230 2226 2234 2267 2294 2332 2346 2352 2069 2074 2075 2079 2084 2119 2124 2122 2123 2135 2178 2190 2200 1940 1944 1954 1985 2024 2030 2051 2055 1831 1839 1840 1856 1857 1904 1908 1917 1926 921 1073 1134 1132 668 1564 1586 1788 1795 1804 1802 1815 1817 2377 2381 2386 2409 2421 2439 2449 2450 2457 2464 2480 2485 2505 2515 2511 2516 2872 2892 2902 2908 2925 2940 2941 2942 2944 2960 2964 3034 1384 255 4071 4074 5323 5240 5366 4969 3724 3383 5367 5404
26 2 145
91 52
0 3 2 2402 2432 2468 2485 2509 2214 2217 2224 2255 2273 2302 2305 2326 2347 2352 2074 2188 1942 1947 1949 1954 2024 2032 1821 1861 1868 1869 1876 1892 1893 1895 1714 1719 1734 1792 1794 1593 1610 1612 1645 1424 1446 1466 1467 1469 1474 1472 1477 1511 1507 1513 1515 1543 1552 1550 1554 1319 1336 1350 1351 1384 1387 1400 1412 1413 1416 1421 1158 1216 1241 1248 1252 1257 1261 1268 1280 790 895 944 950 1022 548 625 652 293 310 528 1085 1087 1128 1136 1142 1147 2568 2617 2639 2655 3049 3070 3074 3150 2996 3035 3173 3192 3193 3223 3224 3238 3261 3282 3607 4021 4065 4073 3819 3823 3595 3625 3657 3437 3461 3487 2878 2892 2907 2678 2767 2773 2778 2783 2792 2812 2845 2899 5367 4967 4679 4697 4721 5365 5404
27 2 36
85 54
0 3 5128 1234 1041 1073 1074 1092 934 952 1001 400 293 865 1425 1476 1415 1721 1743 1792 1586 2618 2515 2884 2936 2941 2784 3857 4505 4976 4376 4899 4925 4967 5366 5404
28 2 35
56 89
0 3 5353 4107 4494 5128 3938 3697 3150 2304 2324 2369 1819 817 695 585 983 1101 1109 2026 3260 3375 4655 4764 4925 4967 5033 5258 5263 5268 5285 5305 5320 5366 5404
29 2 42
57 14
0 3 5284 5288 5310 5228 5231 5251 5349 4358 1984 2151 2537 2656 2377 2437 2514 2255 1586 1763 1804 865 873 668 695 777 580 590 640 950 999 1092 1101 1108 255 293 209 4631 4854 4864 5366 5404
30 2 148
8 58
0 3 5322 5222 5182 5150 1270 212 241 295 1535 1645 1738 1819 1932 2046 2050 2102 2111 2124 2154 2188 2197 2277 2294 2332 2356 2369 2368 2418 2428 2491 2499 2505 2507 2511 2524 2526 2530 2538 2562 2567 2568 2661 2683 2691 2699 2731 2738 2752 2763 2767 2773 2840 2846 2894 2899 2938 2935 2941 2944 2945 2970 3049 3058 3071 3076 3080 3083 2977 2989 3170 3181 3196 3214 3220 3252 3269 3286 3282 3289 3301 3325 3343 3391 3460 3477 3483 3501 3630 3652 3672 3785 3802 3838 3857 3880 3878 3890 3895 3901 3905 3921 3930 3960 3965 3975 4005 4044 4052 4080 4082 4085 4088 4098 4111 4127 4134 4157 4201 4224 4231 4275 4286 4325 4379 4384 4398 4400 4442 4469 4559 4597 4615 4623 4684 4740 4753 4824 4834 4844 4851 4850 4867 4961 5365 5366 5404
31 2 57
59 31
0 3 5288 5299 3491 3512 2841 2897 2918 2923 2939 2941 2955 2689 2693 2784 2649 2666 2498 2223 2255 2307 2356 2069 2124 2178 2997 3030 1866 1699 1575 1676 1202 537 640 646 921 934 980 1101 1128 1134 255 261 285 292 293 299 825 902 1434 4494 4899 4982 5243 5366 5404
32 2 143
104 60
0 2 3 4982 5227 3487 2819 2823 2836 2837 2843 2854 2885 2889 2674 2673 2678 2683 2686 2718 2739 2741 2784 2796 2806 2807 2518 2524 2526 2534 2548 2549 2564 2569 2578 2588 2589 2641 2661 2664 2367 2381 2384 2395 2396 2402 2408 2420 2425 2448 2210 2220 2251 2322 2328 2333 2081 2077 2079 2095 2093 2110 2135 2161 2168 1940 1964 1976 1984 1992 1994 2024 1830 1847 1852 1859 1860 1904 1710 1759 1773 1772 1797 1804 1811 1819 1586 1618 1434 1468 1476 1521 1316 1342 1377 1397 1157 1241 1251 1061 1085 942 943 972 1029 810 824 832 862 867 889 890 691 711 770 331 340 359 415 250 254 261 277 282 293 319 612 624 625 456 518 521 3019 3748 4873 4905 4925 4926 4954 4973 5366 5367 5404
33 2 134
61 7
0 3 4341 4415 4435 4277 3856 3854 3909 3750 3775 3814 3296 3199 3155 3164 2672 2750 2567 2654 2666 1560 1574 1610 1645 1647 1651 1682 1432 1442 1450 1470 1494 1511 1518 1534 1549 1556 1300 1310 1324 1323 1327 1331 1332 1366 1384 1395 1392 1399 1411 1159 1167 1168 1176 1178 1184 1186 1192 1258 1260 1264 1270 332 357 359 379 396 240 241 247 250 255 258 261 271 275 296 293 300 325 1854 1905 1926 1931 1757 1767 1769 1770 1798 1796 1817 1118 1136 1143 1147 518 2328 2192 2981 2989 3016 3021 3034 2511 2896 2904 2903 2930 3655 3665 4088 4138 4201 4532 4580 4586 4621 4954 4966 4962 4963 4970 4981 4988 4990 5003 5008 5006 5026 5064 5100 5365 5404
34 2 142
3 62
0 3 5344 5345 5350 240 246 244 248 252 255 259 271 284 296 293 306 351 438 811 918 1025 1077 1108 1178 1179 1182 1287 1317 1326 1332 1341 1431 1452 1453 1507 1548 1579 1620 1639 1704 1777 1786 1794 1816 1838 1843 1859 1866 1873 2024 2095 2567 2661 2377 2892 2940 2941 3071 3130 2988 3175 3181 3224 3225 3277 3163 3427 3446 3457 3461 3487 3497 3540 3289 3301 3375 3383 3697 3700 3730 3755 3785 3794 3804 3819 3580 3605 3670 4012 4055 4071 4077 3845 3851 3856 3877 3881 3890 3912 3914 4211 4216 4225 4276 4091 4127 4149 5053 5087 5089 5091 5095 5107 5113 5022 5025 5032 5038 5046 5047 4340 4360 4362 4435 4451 4475 4514 4571 4589 4594 4675 4723 4774 4807 4846 4866 4867 4910 4932 5365 5404
35 2 34
48 63
0 3 4543 4552 4469 2649 2744 2853 2941 2069 1954 1915 1480 1134 999 1031 640 231 293 671 4967 4836 4240 5215 5232 5058 5069 5093 5110 5047 5150 5366 5365 5404
36 2 35
65 33
0 3 5275 4201 3725 3736 3773 3402 3410 3491 5325 2513 1976 1628 1399 1263 1061 1076 1079 1085 1090 1109 685 727 651 258 293 336 480 817 4505 4782 4903 5366 5404
37 2 26
68 71
0 3 4021 4088 2903 2091 2224 1079 1085 1128 817 873 890 902 458 521 566 604 649 273 313 357 4948 4967 5366 5404
38 2 36
51 69
0 3 313 1076 1109 1227 1098 458 510 524 873 669 3512 2224 3173 2942 3049 3724 4105 4131 4240 4332 4467 4490 4767 4784 4787 4796 4848 4910 5011 5027 5049 5330 5366 5404
39 2 130
106 70
0 2 3 4367 4405 4451 3401 3434 3477 3549 3660 3706 3732 3735 3755 3791 3848 3851 3866 3901 3903 3167 3203 3214 3226 3269 3287 3158 3164 2372 2405 2406 2437 2482 2530 2542 2639 2641 2665 2069 2095 2119 2143 2174 2210 2280 2298 2332 1854 1929 1954 1990 1603 1615 1675 1678 1458 1541 1406 1169 1192 1216 1261 1271 1275 1286 357 359 361 414 244 248 250 255 258 271 296 293 295 306 208 668 698 659 1031 902 1729 1732 1750 1796 1802 1814 1075 2925 2941 2945 2783 2794 2998 3143 3314 3317 3325 3375 3377 5367 4084 4097 4107 4129 4135 4189 4191 4642 4656 4733 4589 4592 4458 4462 4492 4525 4785 4831 4844 4885 4914 4924 5366 5404
40 2 41
72 55
0 3 5181 5182 5150 1553 2457 2649 3053 3214 1719 1788 2124 2138 928 1012 803 817 861 873 901 285 603 1275 2811 5321 5328 5128 5134 5256 5261 5263 4844 4536 4541 4552 4445 4947 4967 5366 5404
41 2 124
90 74
0 2 3 5128 4032 4055 4079 2549 2507 2214 2212 2224 2227 2230 2243 2255 2278 2295 2297 2293 2311 2328 2327 2332 2074 2079 2080 2084 2095 2104 2108 2114 2122 2124 2146 2156 2174 2178 2180 2186 1703 1732 1745 1751 1800 1796 1802 1815 1303 1318 1332 1339 1354 1380 1420 1436 1453 1471 1549 1617 1628 1645 1669 920 934 941 950 962 983 999 1027 1033 548 571 624 670 685 747 753 774 330 332 360 407 415 420 244 248 255 258 271 277 293 310 201 213 220 229 457 466 505 522 524 841 877 882 890 898 1954 1994 1998 2033 2038 2055 1867 1917 1921 1923 1250 1085 4541 5366 5367 5404
42 2 45
75 39
0 3 5290 5237 5352 4201 4055 4083 3572 3605 4854 2564 2655 2775 2276 1073 1083 1090 1091 1102 695 415 231 248 255 258 259 293 295 201 236 246 595 960 987 1399 1161 1251 1273 859 4484 4982 5147 5366 5404
43 2 30
73 78
0 3 4939 4967 3416 3457 3466 3491 3495 3497 3501 3607 3646 3218 3242 2904 2327 1864 1777 1535 803 1184 4032 4118 4179 4454 5262 5334 5366 5404
44 1 16
81
0 3 817 873 258 357 498 1079 1090 2649 2513 3310 4053 4954 5366 5404
45 2 29
88 83
0 3 5128 4358 4905 4944 4947 4767 4814 4832 3181 3150 3388 1883 1186 817 498 646 670 1134 1140 1425 1513 1574 4739 4985 4993 5366 5404
46 2 59
84 22
0 3 5288 5155 4976 5008 5026 5025 5051 5050 5095 5096 4679 4697 4706 4713 4721 4726 4753 4825 4065 3607 3625 3737 3810 3816 3824 2589 2649 2756 2203 1942 1949 1387 1158 1169 1216 1248 1261 1268 1087 944 1022 817 895 910 766 774 652 255 282 301 305 427 472 5248 5366 5365 5404
47 2 114
87 103
0 2 3 4358 4209 1915 2518 2530 2567 2587 2596 2649 2385 2399 2427 2437 2468 2202 2234 2332 2079 2086 2105 2119 2154 1950 1990 1997 2012 2032 1570 1582 1574 1594 1612 1628 1678 1706 1721 1798 1817 1297 1330 1336 1354 1377 1397 1400 1153 1172 1186 1196 1245 1262 1260 790 817 873 878 890 898 668 670 685 1061 1063 1085 1088 1111 1112 1110 1126 926 934 960 1032 351 359 423 240 248 255 277 293 296 229 457 472 499 531 591 1443 1453 1468 1476 1477 1491 1542 1546 1550 2703 2749 2885 2935 2941 2947 2955 3181 5367 4726 4787 4903 5366 5404
48 2 116
92 15
0 3 2 4212 5325 4910 5000 5253 5366 3138 2649 2366 2377 2381 2386 2387 2407 2425 2429 2210 2295 2332 2354 2352 2063 2069 2095 2097 2128 2152 2191 1721 1741 1786 1836 1840 1859 1874 1905 1915 1151 1159 1176 1182 1186 1231 1234 1252 1282 1279 1057 1088 1092 1110 1136 1147 918 926 932 941 962 983 1022 817 832 873 898 670 695 347 356 357 366 233 252 277 293 295 299 218 255 258 270 271 297 581 589 624 452 449 450 458 531 1342 1346 1371 1471 1476 1517 1532 1545 1550 1617 1639 1645 1659 1678 1990 2026 2051 3214 3298 3355 3383 5367 5404
49 2 125
67 93
0 3 2 3491 3512 2569 2568 2587 2593 2595 2619 2361 2358 2368 2386 2400 2425 2468 2484 2509 2515 2214 2240 2289 2306 2330 2332 1829 1843 1951 1971 2005 2095 2101 2105 2110 2124 2126 1159 1185 1186 1217 1231 1261 1048 1079 1118 1129 921 928 983 993 877 913 482 518 522 531 534 330 336 351 357 359 422 241 239 255 256 258 262 271 277 285 296 293 295 312 313 325 571 581 588 627 624 648 669 747 756 1317 1322 1332 1371 1384 1396 1421 1453 1489 1495 1531 1529 1543 1552 1582 1603 1608 1638 1644 1651 1678 1679 1777 1797 1802 1811 228 230 4726 4814 4856 4921 5366 4451 5367 5404
50 2 262
100 109
0 2 2124 2145 246 248 293 454 466 786 873 1153 1310 1316 1319 1336 1346 1377 1396 1434 1544 1567 1566 1678 668 685 2666 3030 3082 3083 3081 3103 3147 3163 3167 3170 3180 3192 3196 3202 3199 3200 3206 3214 3219 3225 3249 3264 3265 3272 3274 3287 3288 3301 3314 3312 3343 3361 3370 3401 3404 3433 3431 3446 3460 3461 3466 3475 3481 3483 3494 3502 3503 3507 3535 3547 3548 3569 3582 3583 3594 3609 3636 3649 3654 3662 3678 3679 3689 3703 3705 3712 3718 3739 3744 3752 3754 3750 3755 3764 3768 3787 3789 3803 3804 3805 3811 3821 3833 3835 3830 3841 3851 3853 3857 3858 3866 3862 3874 3884 3886 3888 3893 3895 3905 3909 3918 3920 3921 3937 3938 3946 3944 3945 3948 3960 3963 3965 3972 3970 3979 3983 3988 3993 3994 4001 4005 4003 4010 4017 4029 4030 4026 4033 4035 4037 4053 4059 4067 4068 4086 4088 4089 4091 4099 4120 4126 4146 4162 4165 4175 4193 4196 4199 4201 4202 4207 4208 4221 4228 4231 4236 4237 4240 4278 4275 4276 4317 4325 4335 4336 4343 4345 4346 4356 4359 4368 4376 4377 4399 4409 4408 4415 4424 4427 4431 4451 4467 4469 4482 4483 4484 4488 4504 4507 4524 4531 4536 4557 4563 4565 4568 4575 4576 4584 4586 4599 4611 4633 4657 4678 4682 4700 4709 4712 4720 4723 4729 4733 4739 4740 4745 4754 4777 4780 4842 4844 4845 4847 4850 4867 4892 4897 4910 4943 4954 4967 4976 1014 1029 5367 5404
51 2 98
20 102
0 2 3 5000 5014 5021 3965 3987 4002 4023 4053 4051 4086 3845 3856 3884 3909 3930 3729 3820 4095 4107 4111 4141 4146 4153 4183 4201 4207 3429 3453 3461 3481 3512 3524 3298 3306 3314 3319 3214 3224 3138 3147 2613 2649 2377 2407 2437 1165 1186 1128 937 983 577 588 664 670 672 774 777 873 236 293 300 419 457 500 1574 1750 2151 2255 2703 4334 4340 4358 4376 4857 4904 4905 4910 4923 4952 4954 4567 4573 4609 4625 4485 4536 4782 4787 4844 4702 4552 4584 5367 5366 5404
52 2 131
105 21
0 2 3 5182 4764 4867 4921 4543 4584 4037 3851 5367 2649 2783 2850 1305 1310 1318 1319 1316 1323 1332 1336 1346 1354 1364 1378 1390 1153 1168 1174 1172 1186 1193 1230 1280 1287 1047 1048 1053 1060 1064 1066 1075 1076 1077 1084 1085 1086 1082 1083 1105 1111 1108 1119 1127 1128 1133 669 668 675 683 685 681 718 740 743 747 751 765 775 785 790 793 806 815 817 836 861 863 864 866 873 883 890 899 951 978 983 1025 1026 545 553 574 588 589 610 630 639 435 438 497 503 510 518 351 357 359 368 235 244 246 252 248 255 258 270 271 277 293 313 207 227 1703 1753 1788 2079 2324 2386 5366 5404
53 2 141
99 107
0 2 4491 4494 4547 4554 4637 4677 4866 4921 4941 4949 4988 5028 5099 5101 5102 5118 1558 1301 1388 1198 984 1022 795 683 717 630 282 293 295 325 1854 1874 1713 1729 1740 1757 1783 1784 1796 2069 2149 1970 1990 2030 2399 2443 2450 2457 2464 2495 2500 2206 2235 2238 2255 2275 2293 2310 2346 2428 2445 2482 2516 2520 2530 2532 2534 2546 2549 2567 2583 2595 2617 2619 2647 2655 2664 2666 2672 2675 2683 2708 2731 2753 2759 2771 2776 2782 2795 2792 2824 2845 2856 2864 2888 2892 2897 2913 2916 2929 2963 2973 2997 3044 3199 3214 3245 3284 3296 3340 3393 3406 3404 3420 3501 3845 3853 3873 3918 3944 3730 3814 4098 4108 4116 4198 4201 4207 4046 4059 4065 4340 4356 4275 4276 5148 3160 5367 5404
54 2 116
64 108
0 2 3 5182 5251 3260 2819 2820 2895 2904 2920 2683 2708 2712 2763 2775 2528 2550 2560 2567 2577 2592 2631 2628 2649 2659 2661 2374 2422 2427 2432 2435 2476 2203 2218 2309 2307 2327 2331 2332 2353 2352 2085 2095 2168 2181 2192 1950 1971 2041 1829 1833 1844 1856 1910 1927 1708 1734 1745 1773 1771 1777 1786 1798 1799 1796 1563 1571 1574 1592 1618 1622 1634 1638 1645 1678 1679 1682 1429 1447 1455 1453 1463 1464 1471 1498 1516 1521 1532 1535 1534 1538 1539 1550 1553 1557 1313 1397 1399 1406 1168 1174 255 258 285 295 626 979 5367 4083 4201 4641 4655 4921 5366 5404
55 2 139
97 110
0 2 2387 2467 2482 227 234 244 255 258 296 293 299 306 336 351 356 384 416 505 531 603 669 841 842 928 1061 1077 1151 1170 1178 1219 1284 1319 1336 1342 1371 1375 1422 1436 1451 1469 1474 1521 1534 1544 1567 1566 1574 1582 1589 1586 1678 1682 1726 1747 1757 1758 1786 1802 1817 1834 1908 1954 1984 1989 2124 2188 2547 2549 2559 2564 3214 3266 3265 3277 3312 3336 3393 3440 3453 3519 3879 3705 3735 3798 3833 4159 4199 4035 4345 4376 4425 4505 4905 4910 4921 4926 4928 4948 4954 4962 4966 4844 4845 4723 4582 4270 5229 5185 5195 5054 5060 5091 5092 5102 4985 4987 4999 5000 5026 5033 5046 5138 5153 5155 5160 5161 5167 5168 5172 5175 5177 5130 5131 2807 2898 5367 5404
56 2 51
82 111
0 3 2 3727 3816 3824 3607 3622 3437 3442 1942 1949 1314 1325 1343 1387 1412 1158 1163 1248 1268 895 910 688 766 652 1466 2393 2589 2740 2899 5367 301 300 1087 1109 944 4415 4679 4697 4721 4548 4706 4713 4753 4763 4764 4976 5156 5366 5404
57 2 60
24 113
0 2 3 5322 5211 222 230 231 817 873 901 902 1022 1058 1071 1073 1108 1110 1128 1136 1137 1188 1189 1213 1222 1263 1269 1273 1851 1950 2124 2214 2429 2515 2549 2783 2784 2841 2899 2940 3200 3224 3287 3314 3365 4910 4943 4950 4961 4981 4986 5003 5008 5010 5037 5103 5366 3909 5367 5404
