99
0 1 13
0
0 54 55 70 39 45 52 513 527 78 77 83 582
1 1 9
1
0 44 17 61 55 78 77 80 582
2 1 8
2
0 77 96 1 68 55 78 582
3 1 24
3
0 174 176 190 192 502 503 499 487 478 431 428 438 401 406 408 415 370 377 380 375 371 361 582
4 1 5
4
0 78 77 530 582
5 1 3
5
0 78 582
6 1 5
6
0 69 71 262 582
7 1 14
7
0 57 69 74 66 62 58 48 506 270 78 77 82 582
8 1 3
8
0 78 582
9 1 3
9
0 78 582
10 1 5
10
0 74 57 78 582
11 1 13
11
0 164 168 208 365 383 401 428 455 462 478 101 582
12 1 7
12
0 34 41 18 78 77 582
13 1 30
13
0 272 266 262 300 301 345 343 308 309 310 337 334 332 331 318 323 328 329 330 529 530 541 546 534 565 560 557 576 582
14 1 8
14
0 81 77 78 558 272 274 582
15 1 16
15
0 61 72 60 58 51 14 1 528 525 515 78 77 80 81 582
16 1 30
16
0 122 131 135 144 148 500 498 497 490 440 444 449 445 479 478 467 195 204 224 232 256 426 432 436 403 346 96 98 582
17 1 12
17
0 46 41 76 75 70 66 62 78 77 81 582
18 1 21
18
0 298 295 291 270 268 345 306 340 339 332 320 322 324 327 529 538 566 559 581 582
19 1 21
19
0 295 300 345 344 337 310 311 332 314 316 318 324 326 393 535 536 534 566 557 582
20 1 4
20
0 261 262 582
21 1 25
21
0 127 132 159 156 155 184 185 458 451 434 392 390 349 363 365 411 409 420 417 197 170 247 219 582
22 1 19
22
0 16 17 7 35 41 43 44 48 53 61 66 69 76 515 78 77 80 582
23 1 12
23
0 76 33 38 39 44 54 58 55 77 78 582
24 1 23
24
0 573 552 548 538 534 529 324 322 320 319 317 314 332 333 306 341 345 302 269 276 293 582
25 1 28
25
0 577 576 561 560 559 558 550 555 553 551 549 537 530 532 531 328 326 322 316 308 305 340 341 344 300 262 582
26 1 13
26
0 45 42 35 34 67 64 54 53 78 77 81 582
27 1 41
27
0 127 170 173 175 182 183 148 151 504 503 496 495 486 473 193 194 199 208 209 211 217 221 232 461 458 456 452 453 448 431 429 426 424 422 412 413 411 395 388 582
28 1 17
28
0 61 74 70 62 56 47 41 39 38 40 46 507 434 77 78 582
29 1 26
29
0 302 345 306 307 337 336 331 313 314 315 317 318 319 320 322 324 326 536 544 548 557 558 571 572 582
30 1 32
30
0 136 170 160 156 190 192 454 449 453 501 486 487 439 434 431 427 425 420 419 417 378 415 406 402 398 396 394 395 346 100 582
31 1 28
31
0 270 271 301 303 345 344 341 305 308 336 313 314 316 318 320 323 322 324 326 529 530 537 541 538 561 570 582
32 1 19
32
0 106 119 124 127 138 162 175 494 471 420 424 428 431 449 402 415 378 582
33 1 35
33
0 84 145 146 500 495 493 491 489 482 479 477 475 189 234 232 233 216 239 257 420 422 427 429 432 401 411 370 386 346 449 455 454 456 582
34 1 16
34
0 54 57 59 72 40 39 45 49 52 19 22 513 77 78 582
35 1 30
35
0 173 179 186 504 502 500 498 494 492 488 485 481 479 463 189 456 453 426 428 430 436 396 403 401 382 370 255 87 582
36 1 38
36
0 573 572 562 561 557 550 544 542 540 536 543 541 537 535 530 393 330 328 327 326 322 318 316 314 331 332 334 336 309 338 343 302 300 272 276 278 582
37 1 28
37
0 108 105 131 156 158 173 246 197 194 192 497 496 488 487 480 479 477 475 473 471 470 466 462 451 398 402 582
38 1 31
38
0 274 275 279 295 298 299 303 345 342 336 333 331 314 316 318 321 322 324 393 530 536 541 540 544 546 557 558 570 574 582
39 1 3
39
0 163 582
40 1 18
40
0 46 39 41 43 54 55 57 58 60 66 67 72 521 332 77 78 582
41 1 47
41
0 135 167 171 199 197 196 463 465 462 502 497 495 494 492 488 486 489 487 485 481 440 444 449 459 461 234 232 223 253 420 424 428 432 434 436 394 398 403 415 370 371 390 346 347 353 582
42 1 44
42
0 127 163 156 182 175 176 168 216 215 199 494 488 479 469 467 463 460 461 457 455 453 439 436 432 430 428 426 424 260 370 412 410 406 402 399 397 396 346 347 390 389 93 582
43 1 35
43
0 573 571 560 559 556 544 538 534 567 535 329 327 321 320 319 318 316 315 314 332 335 336 308 306 305 341 345 302 267 269 272 276 296 582
44 1 32
44
0 266 274 275 295 299 300 301 344 342 340 337 334 333 332 311 314 318 319 321 322 323 328 329 530 534 541 547 546 559 572 582
45 1 3
45
0 279 582
46 1 38
46
0 127 128 162 156 151 175 205 226 193 370 380 381 386 346 409 415 428 461 459 457 453 444 440 479 477 476 467 463 497 496 490 487 97 96 89 84 582
47 1 32
47
0 573 572 555 553 551 549 544 537 535 534 530 529 328 324 322 320 318 317 314 331 333 336 337 343 344 345 305 303 301 286 582
48 1 50
48
0 110 106 94 503 501 493 492 488 487 483 481 478 475 474 472 464 152 154 129 167 177 172 212 215 223 225 224 226 230 234 235 420 425 458 456 453 451 446 395 396 411 376 377 381 385 382 369 361 582
49 1 37
49
0 132 176 174 205 206 210 233 234 257 389 376 415 403 396 394 434 428 422 417 459 456 453 449 479 484 493 495 497 501 502 505 465 463 148 153 582
50 1 35
50
0 284 279 295 262 303 342 340 337 336 309 311 333 332 313 314 317 323 326 329 330 530 565 538 544 548 551 553 552 554 573 574 576 578 582
51 1 13
51
0 55 59 68 72 74 76 22 523 78 77 82 582
52 1 33
52
0 133 170 503 493 489 487 484 480 481 479 476 470 464 465 419 426 432 435 437 451 453 441 394 397 406 374 377 381 95 89 86 582
53 1 33
53
0 573 572 555 546 547 545 530 529 328 327 326 324 321 320 319 318 317 314 313 332 333 334 337 338 342 343 345 301 303 304 305 582
54 1 38
54
0 296 294 292 290 274 272 270 271 267 302 345 342 310 336 334 333 332 313 314 316 318 319 323 530 567 565 537 544 546 552 554 562 561 560 558 557 582
55 1 14
55
0 167 469 476 483 443 457 460 236 78 87 95 107 582
56 1 11
56
0 57 38 35 526 515 307 78 77 83 582
57 1 40
57
0 284 270 266 267 265 262 300 301 305 342 308 309 310 337 336 333 332 331 314 318 320 327 328 329 393 530 565 566 534 538 542 544 551 559 560 569 570 581 582
58 1 16
58
0 77 577 576 575 540 325 334 341 342 343 270 44 53 78 582
59 1 30
59
0 127 163 208 220 174 173 184 501 496 494 489 483 473 468 463 456 420 422 428 430 434 436 403 385 374 372 370 365 582
60 1 10
60
0 78 77 563 544 525 318 345 268 582
61 1 14
61
0 342 339 308 324 329 330 529 568 536 546 557 571 582
62 1 22
62
0 293 291 272 270 266 262 265 302 303 305 309 338 334 314 322 326 327 530 539 548 582
63 1 7
63
0 140 527 406 77 78 582
64 1 7
64
0 78 497 424 434 401 582
65 1 35
65
0 101 115 134 132 158 190 268 274 342 304 306 311 333 318 323 326 329 346 401 413 418 430 471 502 497 530 566 534 536 544 549 557 561 582
66 1 10
66
0 68 75 42 527 508 78 77 83 582
67 1 7
67
0 25 65 60 77 78 582
68 1 18
68
0 135 138 186 196 195 480 327 320 332 305 302 273 275 544 548 570 582
69 1 34
69
0 78 89 541 492 481 479 477 467 463 461 449 440 436 434 432 428 426 424 422 415 321 319 318 316 314 332 336 305 280 55 557 576 582
70 1 9
70
0 302 309 333 318 402 504 534 582
71 1 43
71
0 171 261 295 301 302 345 344 343 337 347 316 320 322 327 328 329 387 408 409 411 232 234 476 464 503 501 498 494 492 529 530 565 566 567 536 544 548 40 44 55 78 582
72 1 13
72
0 58 112 114 117 124 137 148 418 430 432 434 582
73 1 14
73
0 521 524 485 489 417 420 259 336 322 326 328 576 582
74 1 16
74
0 177 151 463 449 389 316 337 308 341 20 68 537 104 106 582
75 1 7
75
0 509 271 332 446 534 582
76 1 19
76
0 78 119 118 116 115 114 112 503 465 476 399 318 314 342 295 33 546 582
77 1 34
77
0 1 485 487 490 494 495 501 507 175 232 231 256 262 264 265 388 347 331 334 318 327 406 396 394 427 473 476 478 534 560 556 78 582
78 1 6
78
0 282 280 262 318 582
79 1 18
79
0 61 49 22 26 535 534 435 426 413 411 395 388 332 331 359 269 582
80 1 22
80
0 181 467 471 476 483 404 330 319 317 313 331 332 338 339 342 343 305 300 67 575 582
81 1 18
81
0 78 93 175 463 232 421 413 402 357 312 334 303 262 275 77 80 582
82 1 23
82
0 52 56 60 68 65 91 151 154 134 133 129 211 247 182 188 492 444 396 384 318 322 582
83 1 10
83
0 53 58 511 279 335 318 324 80 582
84 1 24
84
0 159 177 182 497 499 465 195 426 440 483 318 314 334 333 331 346 361 365 300 278 55 87 582
85 1 36
85
0 42 539 541 551 559 561 295 277 269 302 305 306 334 312 314 320 321 329 330 402 453 454 463 467 470 476 478 494 194 170 169 156 106 84 582
86 1 39
86
0 111 151 191 411 381 300 301 337 340 342 365 357 354 353 347 331 332 314 318 323 328 330 436 428 463 494 492 535 534 536 544 546 43 46 48 63 53 582
87 1 32
87
0 573 572 555 551 537 566 565 528 527 486 494 498 475 476 479 447 461 411 320 318 317 314 332 308 256 227 168 172 53 109 582
88 1 19
88
0 94 536 535 513 475 482 485 449 237 427 402 324 322 318 316 333 336 582
89 1 27
89
0 127 149 476 478 449 438 434 430 426 232 415 382 267 271 277 290 303 337 333 570 534 543 544 92 100 582
90 1 21
90
0 47 41 2 76 66 565 566 521 489 491 495 454 219 372 324 326 327 328 576 582
91 1 12
91
0 303 337 336 350 445 528 532 567 565 569 582
92 1 20
92
0 167 186 190 498 478 451 461 269 301 410 394 391 319 321 322 328 59 84 582
93 1 7
93
0 359 449 535 566 565 582
94 1 32
94
0 59 47 31 26 487 485 480 479 469 504 235 234 233 455 440 402 395 328 324 322 318 333 336 345 271 535 536 549 550 558 582
95 1 23
95
0 63 552 549 534 524 402 395 347 332 334 309 302 360 374 456 460 235 193 205 210 283 582
96 1 33
96
0 556 550 548 546 538 534 535 527 485 487 489 503 465 457 419 421 424 398 401 328 320 318 314 331 338 340 266 44 54 61 87 582
97 1 30
97
0 54 26 484 493 487 440 434 400 397 388 331 332 314 311 337 340 300 287 215 198 461 459 454 530 562 559 552 551 582
98 1 19
98
0 4 484 451 457 153 171 210 386 331 311 312 316 319 327 561 573 89 582
