39
0 1 30
2
0 492 558 130 128 272 304 300 296 340 346 347 373 533 542 543 530 523 518 517 516 515 414 418 439 466 484 473 477 576
1 1 32
4
0 468 440 451 446 341 348 308 307 306 301 218 130 125 82 83 58 558 556 560 561 369 398 497 513 501 507 523 541 493 492 576
2 2 32
5 39
0 527 531 523 521 520 518 517 534 515 513 498 465 455 454 453 439 444 298 323 325 326 252 251 243 156 556 561 560 566 493 576
3 2 30
38 6
0 477 468 465 369 355 356 383 384 304 285 261 211 235 128 112 121 163 107 63 70 575 561 560 572 523 507 502 492 576
4 1 32
7
0 524 523 531 529 541 560 561 554 70 67 66 8 4 160 183 260 293 450 453 381 379 371 533 515 498 502 506 478 474 476 576
5 3 37
8 20 46
0 476 473 472 469 467 487 455 454 437 442 497 514 517 332 313 298 227 225 224 223 201 130 157 161 7 8 575 560 561 562 571 566 529 523 493 576
6 1 31
14
0 479 482 467 430 453 418 298 305 103 96 99 88 48 561 328 329 534 393 401 510 514 516 517 518 521 523 528 541 566 576
7 1 28
15
0 491 526 560 561 37 106 107 163 130 116 205 207 297 323 444 408 340 343 345 346 348 368 391 519 498 499 576
8 4 44
0 33 28 17
0 569 570 560 561 575 68 70 66 65 9 106 119 121 125 130 132 135 143 136 252 271 273 318 444 439 442 455 408 381 354 370 349 350 534 519 518 517 512 500 501 506 477 576
9 2 43
10 19
0 523 520 530 568 546 552 535 533 562 560 558 557 556 70 65 6 161 156 155 154 168 184 218 251 250 323 314 313 331 332 398 400 402 404 385 455 460 496 478 475 476 576
10 1 56
21
0 506 480 481 465 495 498 511 517 518 519 520 531 530 542 541 536 534 332 349 352 397 460 440 420 444 386 378 359 360 340 297 298 317 326 307 306 288 252 250 206 157 81 82 65 66 575 556 561 560 571 566 492 491 490 576
11 1 25
22
0 467 459 458 455 385 379 391 351 355 297 243 102 561 551 552 541 543 523 516 515 496 511 493 576
12 4 27
16 34 11 23
0 497 514 517 534 368 366 444 325 272 206 205 149 132 130 137 98 63 66 67 557 561 560 530 523 527 576
13 1 25
24
0 473 467 465 459 495 497 510 504 529 532 523 516 515 343 297 244 96 8 80 561 552 493 492 576
14 1 25
25
0 453 361 351 329 313 320 294 293 181 145 144 143 135 122 1 93 80 49 48 16 561 492 491 576
15 2 32
18 26
0 568 560 561 186 98 95 94 12 8 156 146 243 263 265 298 359 455 453 436 429 426 467 518 535 552 530 531 527 502 477 576
16 2 43
27 13
0 525 521 515 496 495 494 461 459 404 387 388 340 345 318 326 309 350 535 538 552 550 549 547 546 561 183 175 207 149 137 130 131 132 133 163 6 9 575 560 573 545 576
17 1 45
29
0 473 472 530 523 518 517 515 514 500 461 455 418 417 341 342 343 317 324 326 270 561 556 575 76 156 134 124 232 244 243 298 301 303 305 308 350 354 533 541 571 568 567 493 576
18 1 37
30
0 492 512 497 515 532 531 545 549 571 560 561 556 575 6 1 163 109 199 313 298 342 343 332 367 387 400 406 415 421 423 454 458 426 483 476 576
19 1 24
31
0 72 62 159 175 173 177 179 182 308 350 309 320 318 363 444 418 419 438 428 515 552 506 576
20 3 38
40 9 32
0 482 467 465 456 455 437 435 433 444 261 249 243 180 183 132 154 157 92 58 559 557 560 561 562 354 356 366 518 516 515 511 507 541 571 566 491 576
21 1 32
37
0 467 461 391 533 535 306 300 299 298 317 344 342 340 246 190 213 204 216 110 63 64 557 561 571 567 566 493 530 523 510 576
22 2 40
41 1
0 473 471 478 510 501 499 498 495 515 518 355 356 340 341 283 224 219 556 129 130 135 156 157 159 160 110 109 104 3 8 49 560 561 562 536 541 529 523 576
23 1 45
42
0 474 473 479 467 426 427 430 432 438 453 383 444 364 342 295 300 301 305 287 308 313 323 325 326 327 328 351 370 498 512 511 502 532 529 560 8 77 78 98 179 557 561 568 576
24 1 38
43
0 490 493 541 560 561 557 101 80 132 160 157 138 243 251 253 306 294 300 362 405 392 389 348 533 521 523 510 498 431 426 465 467 482 479 474 476 576
25 1 35
45
0 477 483 461 423 433 343 334 349 327 326 310 305 292 196 203 125 157 92 80 65 560 561 534 533 388 391 515 523 529 527 501 493 492 576
26 3 37
44 62 47
0 493 571 560 575 8 86 175 176 180 555 558 561 326 313 291 302 300 298 340 360 453 454 356 355 349 346 350 533 519 523 531 530 509 511 506 576
27 1 47
50
0 474 502 511 459 440 454 405 396 391 370 362 359 360 340 248 223 221 215 193 192 142 158 132 129 3 74 63 64 560 561 307 293 301 295 299 325 346 347 533 541 530 527 493 492 491 576
28 4 44
48 35 51 63
0 492 493 572 560 575 28 71 70 100 81 163 161 160 116 169 174 190 238 556 561 562 325 324 315 298 300 297 363 420 453 454 456 467 488 514 375 372 552 535 518 523 531 576
29 1 21
52
0 511 533 373 400 401 455 360 346 228 556 88 107 15 48 38 574 560 549 531 576
30 2 40
36 53
0 492 527 526 545 571 560 561 556 81 90 4 163 155 132 216 195 251 256 272 327 292 296 298 357 433 453 456 538 537 534 520 519 515 513 511 501 472 473 576
31 1 25
54
0 492 570 560 561 557 115 82 286 539 535 534 372 376 377 359 455 457 465 512 519 527 478 474 576
32 1 28
55
0 493 570 560 561 18 8 160 128 184 287 306 299 381 453 462 391 351 552 548 545 527 532 523 519 512 507 576
33 1 26
56
0 502 515 517 431 296 175 176 180 126 134 158 77 61 63 67 70 100 103 102 561 546 547 548 549 576
34 1 33
57
0 527 542 531 532 523 518 534 533 391 424 444 341 343 345 334 312 298 299 300 244 201 99 95 158 64 575 556 561 560 571 493 576
35 1 30
58
0 476 467 424 422 433 440 361 298 299 300 292 303 306 307 288 130 131 557 561 322 323 326 328 536 537 539 548 530 576
36 2 46
59 3
0 477 474 479 501 498 465 515 518 520 521 532 530 529 546 547 541 551 538 533 326 349 365 385 340 297 291 305 272 221 219 215 101 102 161 8 575 560 561 562 571 570 569 566 492 576
37 2 41
49 60
0 475 474 473 482 467 453 438 385 382 314 298 292 290 307 392 495 496 497 498 513 512 511 501 507 529 523 518 517 515 533 534 554 86 132 156 93 10 575 492 576
38 2 36
12 61
0 506 523 530 566 542 562 561 556 68 65 61 48 106 158 157 130 187 251 258 299 313 326 347 360 367 374 515 513 510 498 454 455 473 474 576
