60
0 2 40
0 57
0 527 523 519 518 517 516 515 512 511 497 496 487 439 438 405 375 533 536 537 538 543 560 561 182 220 221 223 226 296 292 147 3 92 72 70 40 21 22 576
1 1 20
2
0 506 523 535 350 331 347 345 344 343 340 378 389 453 80 82 113 561 560 576
2 1 18
5
0 473 492 493 511 499 495 517 518 523 525 527 541 560 561 558 555 576
3 2 35
9 6
0 476 492 527 525 569 552 123 134 135 118 107 96 8 575 560 561 234 288 302 294 298 360 358 367 369 391 517 515 495 484 453 421 407 576
4 1 26
7
0 570 16 8 80 82 101 102 103 98 96 133 291 293 329 313 362 386 388 395 396 407 455 458 430 576
5 1 24
10
0 525 523 542 571 560 561 555 556 558 559 575 171 196 243 297 290 354 366 369 516 424 481 576
6 2 40
40 13
0 479 493 565 566 572 573 546 530 516 513 498 495 460 459 458 442 443 428 400 365 360 324 325 330 293 300 250 251 561 36 43 11 62 66 67 99 104 131 576
7 1 20
14
0 523 519 514 537 312 313 360 444 455 34 79 66 67 101 195 561 560 572 576
8 2 39
45 15
0 490 473 507 500 460 515 414 406 444 377 390 539 541 546 545 566 568 571 573 560 561 555 556 558 575 67 81 79 8 92 131 154 304 305 258 235 233 576
9 1 20
16
0 478 466 465 426 515 295 208 169 168 125 135 6 560 561 513 499 500 491 576
10 2 40
8 17
0 492 493 564 571 560 561 575 8 4 131 130 128 149 388 389 390 392 414 418 360 344 348 349 330 329 270 221 223 224 456 457 461 429 488 483 481 476 477 576
11 2 44
19 77
0 480 479 491 492 493 566 527 525 529 544 543 542 552 534 520 517 515 514 456 406 398 389 380 445 444 345 306 313 233 234 561 38 67 70 72 65 64 10 88 102 96 156 576
12 1 35
20
0 567 529 542 535 534 515 392 389 332 328 326 323 341 297 305 290 561 184 178 132 160 80 88 84 72 64 63 49 433 458 494 511 476 576
13 1 27
21
0 482 467 427 400 158 133 96 99 82 556 557 561 201 205 299 340 284 285 289 307 534 516 523 528 501 576
14 2 37
4 22
0 492 506 479 468 427 455 446 390 332 335 343 312 307 306 291 561 560 57 40 35 34 13 8 6 64 79 89 85 102 104 110 182 183 184 212 576
15 1 25
25
0 521 497 376 536 291 297 261 250 242 221 224 227 177 182 102 97 87 4 76 65 70 560 561 576
16 2 50
24 28
0 476 478 483 486 495 498 511 431 434 561 560 571 523 522 520 515 333 351 369 373 376 383 358 323 313 305 291 279 265 146 149 157 120 132 125 127 102 85 82 83 72 65 64 8 11 51 52 575 576
17 1 24
29
0 467 485 497 523 530 529 543 561 313 317 356 444 293 175 85 80 8 35 26 51 66 72 576
18 2 28
38 30
0 491 541 542 507 511 498 495 457 439 404 367 323 258 234 201 180 190 158 161 6 32 48 67 557 561 560 576
19 1 25
31
0 476 481 501 510 530 520 516 515 431 411 392 533 330 308 305 303 293 300 223 561 104 108 8 576
20 1 20
32
0 525 548 560 561 558 104 261 296 293 317 325 362 444 445 406 391 459 479 576
21 2 32
34 59
0 477 476 473 566 567 523 519 513 512 395 369 350 330 305 244 232 561 575 20 85 68 67 73 161 158 123 125 126 130 451 576
22 1 45
35
0 482 479 504 501 512 461 455 423 448 445 382 365 534 552 571 560 561 562 307 335 340 298 213 190 188 197 198 99 37 575 72 74 76 119 162 155 403 515 518 519 531 529 527 576
23 2 36
36 23
0 542 540 551 552 307 221 222 223 232 226 158 163 102 556 561 560 575 38 8 468 460 455 437 364 358 340 339 345 533 515 518 531 510 501 576
24 1 29
37
0 492 512 507 529 523 518 535 369 384 304 271 281 265 248 195 232 235 561 560 575 49 8 6 66 81 140 158 576
25 1 64
39
0 490 492 567 572 560 561 529 523 521 518 533 375 388 378 383 358 360 340 341 342 319 321 313 312 326 308 290 291 304 300 298 297 261 269 253 252 251 215 205 211 194 190 178 172 127 97 83 82 81 80 158 433 439 443 467 487 488 497 499 502 503 508 576
26 1 34
42
0 479 529 532 520 517 534 537 334 305 202 212 232 250 315 365 381 389 417 429 460 466 498 132 88 82 66 67 557 561 560 569 493 576
27 1 25
43
0 479 503 502 513 496 132 79 48 73 66 561 331 306 302 297 360 363 384 372 519 520 523 492 576
28 2 27
80 44
0 477 479 566 531 532 510 511 500 497 428 460 458 455 454 444 353 306 277 232 197 98 4 66 575 560 576
29 1 24
47
0 465 455 61 63 64 73 556 561 293 313 323 322 343 357 387 376 517 537 542 573 567 530 576
30 2 37
49 74
0 492 567 529 527 525 520 516 537 539 542 560 561 236 201 216 194 195 250 252 253 270 351 350 347 444 420 438 451 72 55 12 498 467 473 476 576
31 2 35
50 11
0 490 491 527 529 546 560 574 556 555 561 562 537 520 516 514 497 439 362 358 359 320 322 323 325 312 313 299 295 208 125 1 49 67 576
32 1 27
51
0 473 465 498 426 411 412 419 383 361 360 317 299 303 159 8 58 54 561 543 537 533 516 521 530 526 576
33 2 31
53 78
0 492 506 510 517 518 531 541 534 371 369 349 311 291 292 293 280 264 262 248 211 359 361 386 561 128 106 95 94 8 576
34 1 27
54
0 491 492 493 507 503 513 495 395 533 541 560 561 72 8 163 158 128 193 227 224 223 295 336 467 476 576
35 1 33
56
0 493 532 517 516 534 541 560 561 557 67 66 65 63 46 78 90 122 124 295 323 341 342 348 372 388 411 422 433 452 461 469 576
36 1 30
58
0 492 523 518 371 535 552 560 561 25 82 99 98 97 159 134 182 232 305 325 343 364 379 444 456 513 486 467 478 576
37 2 36
33 60
0 476 491 568 541 518 519 523 524 507 513 426 460 458 451 356 368 329 328 313 298 301 296 264 561 560 559 57 8 77 72 102 168 170 180 576
38 2 37
61 55
0 481 561 560 9 35 54 66 103 157 125 181 193 190 217 329 313 318 297 293 298 366 431 456 497 501 514 515 519 523 530 529 548 552 538 492 576
39 1 26
62
0 511 465 462 441 80 66 575 560 561 214 306 293 301 318 340 389 392 412 552 538 533 515 519 531 576
40 1 20
64
0 468 430 456 205 554 95 54 560 561 291 301 356 369 533 516 495 499 504 576
41 2 31
65 63
0 476 469 156 139 561 560 575 49 8 104 100 198 203 297 291 290 351 410 447 451 453 458 495 500 526 521 532 547 548 576
42 1 20
67
0 491 492 470 442 453 448 400 533 357 301 284 328 562 561 84 62 78 163 576
43 2 52
3 68
0 492 493 527 510 498 497 496 516 517 518 519 520 521 523 532 530 543 552 537 533 376 374 371 351 366 360 325 306 300 298 277 278 250 561 557 86 80 75 64 63 5 163 161 125 473 466 458 455 453 450 576
44 2 40
1 69
0 476 474 473 467 495 510 509 504 505 506 527 565 570 560 561 557 556 116 8 285 307 534 541 548 528 529 532 523 520 519 371 361 338 323 316 299 300 194 576
45 2 36
48 70
0 493 545 572 575 73 160 157 154 561 185 189 243 298 313 324 325 326 311 330 345 342 364 446 447 434 433 428 389 372 520 515 511 506 478 576
46 2 32
12 71
0 492 571 560 561 104 84 70 72 52 9 453 444 385 389 365 360 341 323 350 552 542 540 537 495 515 516 519 525 526 527 576
47 2 38
72 18
0 476 467 464 513 510 507 523 493 568 541 540 552 328 325 314 321 299 340 377 415 453 560 561 216 189 176 179 130 124 158 108 3 5 57 84 40 576
48 2 48
73 83
0 477 476 491 492 503 512 498 497 495 516 518 520 523 529 535 533 391 376 386 444 365 359 360 340 323 299 290 288 255 261 251 243 231 226 216 184 561 560 158 162 132 102 98 39 42 9 576
49 1 25
75
0 493 527 286 290 305 303 300 190 81 556 561 560 541 536 533 372 382 438 439 461 482 474 476 576
50 1 27
76
0 477 481 469 483 484 498 458 456 454 8 105 561 242 298 306 354 353 550 539 536 516 517 523 492 491 576
51 2 34
46 79
0 492 567 560 150 156 159 129 273 272 304 306 348 331 313 382 379 387 390 519 518 516 512 497 430 454 456 465 486 485 483 479 477 576
52 2 35
81 52
0 467 459 515 400 421 445 383 384 377 379 380 382 363 340 334 270 291 300 299 298 297 211 77 81 82 556 557 541 542 525 509 502 492 576
53 2 40
41 82
0 476 473 482 158 128 99 106 72 65 63 49 48 10 35 20 575 560 561 242 244 297 299 291 306 315 341 362 444 447 458 516 511 526 531 530 540 541 492 576
54 1 24
84
0 506 511 510 527 523 521 520 572 560 561 200 85 90 77 73 335 336 356 433 439 464 482 576
55 2 17
26 85
0 511 529 523 515 369 444 561 560 575 9 121 153 150 179 206 576
56 2 44
27 86
0 490 504 513 496 515 516 517 521 523 532 530 546 542 541 549 550 551 536 534 390 331 345 344 336 341 365 382 408 407 451 454 156 8 57 66 560 561 555 216 250 278 277 576
57 1 46
87
0 473 512 496 459 443 453 423 444 388 390 392 328 349 367 358 360 340 280 265 242 195 205 8 75 66 88 106 110 112 117 115 125 128 168 557 561 560 552 533 519 530 529 492 491 576
58 2 33
88 66
0 491 566 570 548 539 533 515 520 523 221 216 188 129 90 73 8 36 560 561 562 330 305 300 299 357 434 436 459 465 502 504 576
59 1 36
89
0 490 493 568 571 530 525 523 516 498 463 428 431 433 419 401 400 533 343 324 287 301 299 296 297 196 164 149 158 161 8 63 64 66 38 576
