249
0 1 7
0
0 546 1330 1132 1006 936 1455
1 1 4
1
0 540 990 1455
2 1 5
2
0 989 1000 1179 1455
3 1 5
3
0 1188 1102 954 1455
4 1 7
4
0 707 1294 1321 741 1200 1455
5 1 4
5
0 1339 1009 1455
6 1 4
6
0 1118 1321 1455
7 1 6
7
0 1092 1275 1278 1320 1455
8 1 4
8
0 1140 1283 1455
9 1 7
9
0 528 527 534 568 1162 1455
10 1 3
10
0 1007 1455
11 1 5
11
0 179 788 1107 1455
12 1 6
12
0 177 1321 1127 658 1455
13 1 4
13
0 185 981 1455
14 1 4
14
0 512 1321 1455
15 1 3
15
0 1110 1455
16 1 4
16
0 1129 1132 1455
17 1 3
17
0 1008 1455
18 1 5
18
0 873 907 772 1455
19 1 4
19
0 182 974 1455
20 1 4
20
0 832 849 1455
21 1 4
21
0 820 908 1455
22 1 3
22
0 1024 1455
23 1 4
23
0 1158 1019 1455
24 1 3
24
0 1162 1455
25 1 4
25
0 796 1206 1455
26 1 3
26
0 1204 1455
27 1 3
27
0 1206 1455
28 1 3
28
0 1025 1455
29 1 4
29
0 911 848 1455
30 1 3
30
0 808 1455
31 1 3
31
0 934 1455
32 1 4
32
0 607 964 1455
33 1 4
33
0 641 1179 1455
34 1 3
34
0 1041 1455
35 1 3
35
0 965 1455
36 1 3
36
0 965 1455
37 1 3
37
0 758 1455
38 1 4
38
0 780 1051 1455
39 1 3
39
0 751 1455
40 1 5
40
0 414 550 1328 1455
41 1 5
41
0 275 472 432 1455
42 1 5
42
0 607 1320 1325 1455
43 1 5
43
0 553 562 561 1455
44 1 6
44
0 192 553 785 1338 1455
45 1 3
45
0 780 1455
46 1 3
46
0 543 1455
47 1 5
47
0 276 561 413 1455
48 1 4
48
0 1343 1307 1455
49 1 5
49
0 568 505 432 1455
50 1 3
50
0 710 1455
51 1 3
51
0 700 1455
52 1 5
52
0 728 763 771 1455
53 1 3
53
0 710 1455
54 1 3
54
0 655 1455
55 1 3
55
0 651 1455
56 1 3
56
0 595 1455
57 1 5
57
0 413 1311 1321 1455
58 1 5
58
0 592 594 595 1455
59 1 3
59
0 707 1455
60 1 5
60
0 455 607 965 1455
61 1 4
61
0 707 1057 1455
62 1 5
62
0 455 607 924 1455
63 1 4
63
0 941 954 1455
64 1 5
64
0 903 905 1205 1455
65 1 3
65
0 935 1455
66 1 3
66
0 948 1455
67 1 4
67
0 924 768 1455
68 1 4
68
0 979 742 1455
69 1 3
69
0 918 1455
70 1 4
70
0 982 1027 1455
71 1 3
71
0 1157 1455
72 1 3
72
0 1158 1455
73 1 3
73
0 1024 1455
74 1 3
74
0 981 1455
75 1 3
75
0 983 1455
76 1 3
76
0 1132 1455
77 1 4
77
0 1315 1044 1455
78 1 3
78
0 974 1455
79 1 3
79
0 1042 1455
80 1 3
80
0 700 1455
81 1 3
81
0 700 1455
82 1 4
82
0 286 965 1455
83 1 3
83
0 616 1455
84 1 3
84
0 616 1455
85 1 4
85
0 965 981 1455
86 1 3
86
0 1016 1455
87 1 4
87
0 707 997 1455
88 1 3
88
0 981 1455
89 1 4
89
0 174 1287 1455
90 1 3
90
0 512 1455
91 1 3
91
0 514 1455
92 1 3
92
0 512 1455
93 1 3
93
0 534 1455
94 1 3
94
0 476 1455
95 1 4
95
0 534 560 1455
96 1 4
96
0 494 534 1455
97 1 3
97
0 512 1455
98 1 3
98
0 521 1455
99 1 3
99
0 395 1455
100 1 4
100
0 546 373 1455
101 1 5
101
0 466 389 399 1455
102 1 3
102
0 570 1455
103 1 3
103
0 378 1455
104 1 5
104
0 307 342 550 1455
105 1 4
105
0 331 562 1455
106 1 4
106
0 503 445 1455
107 1 4
107
0 293 568 1455
108 1 3
108
0 553 1455
109 1 4
109
0 413 427 1455
110 1 3
110
0 381 1455
111 1 3
111
0 342 1455
112 1 3
112
0 546 1455
113 1 3
113
0 1319 1455
114 1 3
114
0 1322 1455
115 1 3
115
0 493 1455
116 1 9
116
0 452 594 525 529 547 561 375 1455
117 1 6
117
0 195 562 1344 1195 1455
118 1 8
118
0 920 924 1124 954 797 750 1455
119 1 14
119
0 189 828 845 857 809 1118 868 1321 1324 1325 1337 1296 1455
120 1 8
120
0 1178 815 849 1315 1320 1338 1455
121 1 10
121
0 174 1287 778 787 924 1168 1177 1008 1455
122 1 5
122
0 1016 1279 1319 1455
123 1 11
123
0 169 1311 1320 1337 1278 762 1137 1159 938 1455
124 1 7
124
0 942 990 1179 913 757 1455
125 1 6
125
0 546 961 924 1107 1455
126 1 5
126
0 1176 945 1321 1455
127 1 6
127
0 1150 1006 1011 1314 1455
128 1 5
128
0 1336 1286 1307 1455
129 1 5
129
0 1142 992 1179 1455
130 1 15
130
0 169 1320 1324 1337 1343 1276 1277 816 815 964 976 1030 1233 1455
131 1 5
131
0 1187 934 954 1455
132 1 6
132
0 314 1187 1041 568 1455
133 1 6
133
0 171 607 843 1179 1455
134 1 3
134
0 1179 1455
135 1 8
135
0 752 852 1288 1297 1314 1318 1455
136 1 4
136
0 562 938 1455
137 1 5
137
0 607 1294 1327 1455
138 1 4
138
0 1179 941 1455
139 1 3
139
0 863 1455
140 1 5
140
0 1179 758 1324 1455
141 1 5
141
0 1187 954 797 1455
142 1 5
142
0 1179 1057 943 1455
143 1 3
143
0 1179 1455
144 1 4
144
0 560 1329 1455
145 1 5
145
0 552 1042 1179 1455
146 1 6
146
0 607 1320 1329 1162 1455
147 1 6
147
0 607 924 1034 1324 1455
148 1 8
148
0 546 607 620 1306 1338 924 1455
149 1 4
149
0 835 1278 1455
150 1 6
150
0 1314 1319 946 1198 1455
151 1 4
151
0 1179 1009 1455
152 1 4
152
0 1335 920 1455
153 1 6
153
0 1173 1268 1288 1319 1455
154 1 6
154
0 411 562 710 1315 1455
155 1 3
155
0 1009 1455
156 1 5
156
0 1151 1292 1329 1455
157 1 4
157
0 1325 994 1455
158 1 4
158
0 1179 1129 1455
159 1 5
159
0 187 1140 984 1455
160 1 6
160
0 819 828 1211 1321 1455
161 1 7
161
0 180 306 444 534 1099 1455
162 1 5
162
0 177 286 999 1455
163 1 4
163
0 999 1179 1455
164 1 6
164
0 1117 846 769 1298 1455
165 1 4
165
0 1148 1179 1455
166 1 11
166
0 168 171 297 413 448 595 597 768 779 1455
167 1 4
167
0 1107 1287 1455
168 1 3
168
0 995 1455
169 1 4
169
0 1179 1095 1455
170 1 5
170
0 1117 969 843 1455
171 1 4
171
0 1179 1202 1455
172 1 5
172
0 849 1288 1296 1455
173 1 3
173
0 1205 1455
174 1 3
174
0 1092 1455
175 1 3
175
0 1209 1455
176 1 6
176
0 560 519 1279 844 1455
177 1 6
177
0 1340 1344 1172 1179 1455
178 1 5
178
0 560 858 762 1455
179 1 4
179
0 978 1287 1455
180 1 5
180
0 758 1338 1286 1455
181 1 6
181
0 607 1279 740 848 1455
182 1 5
182
0 185 607 1009 1455
183 1 4
183
0 562 994 1455
184 1 5
184
0 1343 795 986 1455
185 1 5
185
0 562 561 1132 1455
186 1 4
186
0 710 1179 1455
187 1 5
187
0 1034 1130 1132 1455
188 1 3
188
0 1149 1455
189 1 5
189
0 549 554 825 1455
190 1 4
190
0 799 828 1455
191 1 3
191
0 937 1455
192 1 4
192
0 819 906 1455
193 1 4
193
0 303 382 1455
194 1 4
194
0 1339 1341 1455
195 1 3
195
0 922 1455
196 1 3
196
0 1041 1455
197 1 5
197
0 854 1287 1290 1455
198 1 7
198
0 168 536 412 353 363 1455
199 1 5
199
0 286 596 534 1455
200 1 7
200
0 425 595 525 553 361 1455
201 1 4
201
0 413 527 1455
202 1 5
202
0 524 534 536 1455
203 1 4
203
0 297 533 1455
204 1 4
204
0 525 1336 1455
205 1 4
205
0 540 570 1455
206 1 4
206
0 763 954 1455
207 1 4
207
0 1278 1286 1455
208 1 4
208
0 707 710 1455
209 1 4
209
0 710 924 1455
210 1 5
210
0 413 469 1344 1455
211 1 4
211
0 184 1280 1455
212 1 4
212
0 810 1272 1455
213 1 4
213
0 941 954 1455
214 1 3
214
0 984 1455
215 1 3
215
0 472 1455
216 1 6
216
0 819 750 1296 1321 1455
217 1 3
217
0 739 1455
218 1 4
218
0 1326 1338 1455
219 1 5
219
0 502 550 465 1455
220 1 4
220
0 519 444 1455
221 1 3
221
0 650 1455
222 1 3
222
0 527 1455
223 1 4
223
0 552 561 1455
224 1 3
224
0 594 1455
225 1 3
225
0 552 1455
226 1 4
226
0 1271 1321 1455
227 1 3
227
0 561 1455
228 1 4
228
0 533 439 1455
229 1 4
229
0 1337 1341 1455
230 1 6
230
0 786 810 902 904 1455
231 1 5
231
0 312 545 549 1455
232 1 4
232
0 310 525 1455
233 1 3
233
0 525 1455
234 1 5
234
0 710 1039 1321 1455
235 1 3
235
0 192 1455
236 1 4
236
0 471 562 1455
237 1 3
237
0 364 1455
238 1 3
238
0 477 1455
239 1 3
239
0 176 1455
240 1 3
240
0 1132 1455
241 1 3
241
0 597 1455
242 1 3
242
0 969 1455
243 1 3
243
0 797 1455
244 1 3
244
0 992 1455
245 1 3
245
0 397 1455
246 1 3
246
0 552 1455
247 1 4
247
0 413 596 1455
248 1 4
248
0 287 307 1455
