105
0 1 8
0
0 81 80 77 78 559 478 582
1 1 39
1
0 286 291 275 273 271 345 302 306 339 335 334 332 331 311 314 316 318 320 321 323 322 324 326 327 328 530 565 536 544 548 550 551 555 554 559 570 574 582
2 1 3
2
0 78 582
3 1 10
3
0 49 46 38 35 70 61 55 78 582
4 1 32
4
0 127 129 158 175 176 186 191 192 197 216 254 365 374 405 396 436 434 431 459 465 468 470 479 481 482 485 484 493 498 86 582
5 1 8
5
0 77 550 529 325 377 274 582
6 1 4
6
0 78 529 582
7 1 16
7
0 59 70 62 52 50 45 43 42 38 32 29 521 77 78 582
8 1 33
8
0 572 561 559 550 546 544 542 538 536 534 537 535 529 393 328 326 320 318 316 314 331 332 333 336 337 306 304 343 345 301 300 582
9 1 35
9
0 573 572 570 569 557 549 544 535 565 568 393 324 322 323 319 318 316 314 331 333 335 336 337 309 307 345 267 278 295 293 291 287 286 582
10 1 7
10
0 78 559 530 529 319 582
11 1 5
11
0 78 77 318 582
12 1 15
12
0 22 26 31 38 44 50 62 61 55 78 77 80 81 582
13 1 21
13
0 300 301 302 305 306 312 332 331 318 319 320 326 393 529 530 543 546 561 557 582
14 1 13
14
0 52 47 38 32 67 62 58 55 78 77 82 582
15 1 30
15
0 90 96 93 118 114 143 502 496 490 489 487 476 481 483 449 188 184 177 172 210 427 424 408 398 390 349 353 355 582
16 1 6
16
0 78 77 530 81 582
17 1 54
17
0 78 101 112 153 151 148 505 503 501 497 492 489 487 485 479 449 451 453 454 458 459 461 460 465 467 192 180 173 135 133 209 218 227 424 426 428 430 429 431 432 436 401 402 415 370 377 382 375 371 368 367 351 582
18 1 3
18
0 78 582
19 1 9
19
0 62 68 29 519 78 77 80 582
20 1 34
20
0 298 295 284 285 278 264 262 345 344 342 304 306 333 332 318 320 322 326 327 529 530 535 537 545 546 536 534 567 559 570 572 577 582
21 1 8
21
0 78 77 440 437 421 267 582
22 1 15
22
0 55 58 69 75 36 38 42 44 45 14 515 441 78 582
23 1 30
23
0 124 131 175 186 151 500 488 478 479 470 471 467 463 454 459 461 232 375 365 363 349 347 401 402 436 427 92 90 582
24 1 5
24
0 78 77 515 582
25 1 34
25
0 284 296 300 303 345 342 338 337 335 334 310 318 321 324 330 529 567 534 540 542 544 548 549 551 553 555 554 561 562 573 574 575 582
26 1 37
26
0 102 95 92 504 501 491 489 487 481 479 478 476 469 467 457 421 422 424 428 432 436 402 403 349 365 371 374 372 234 195 182 175 129 140 78 582
27 1 4
27
0 78 529 582
28 1 3
28
0 269 582
29 1 24
29
0 294 274 264 300 304 309 334 331 314 315 318 320 322 326 530 536 534 566 561 558 572 574 582
30 1 14
30
0 53 57 62 70 74 44 1 512 162 78 77 81 582
31 1 21
31
0 173 205 370 375 347 395 436 434 433 431 426 422 455 465 464 468 478 493 495 582
32 1 37
32
0 110 108 109 107 95 151 158 132 129 170 212 210 239 357 359 361 415 414 401 396 436 434 425 189 193 194 190 463 453 448 445 476 485 496 78 582
33 1 13
33
0 58 49 39 37 31 75 76 528 78 77 81 582
34 1 9
34
0 62 35 30 14 516 223 78 582
35 1 24
35
0 271 274 276 284 296 300 301 342 309 336 334 317 328 329 529 530 566 541 547 544 546 560 582
36 1 28
36
0 278 271 300 303 345 344 308 337 335 333 313 314 318 321 324 328 549 541 537 535 536 566 565 562 557 572 582
37 1 27
37
0 106 100 149 152 158 173 212 192 190 473 501 496 494 493 444 455 371 410 402 399 398 396 394 395 346 582
38 1 5
38
0 262 303 318 582
39 1 3
39
0 274 582
40 1 10
40
0 567 530 316 334 336 337 301 300 582
41 1 22
41
0 120 127 128 132 175 500 463 456 451 449 431 428 426 424 422 408 399 395 386 359 582
42 1 23
42
0 131 172 176 175 184 500 198 189 456 463 479 427 438 394 408 239 386 387 354 90 89 582
43 1 4
43
0 272 262 582
44 1 12
44
0 50 47 46 42 36 526 527 78 77 83 582
45 1 9
45
0 55 62 40 46 510 77 78 582
46 1 16
46
0 266 345 303 311 318 320 330 393 529 530 566 537 556 572 582
47 1 5
47
0 45 61 78 582
48 1 20
48
0 282 278 276 272 284 295 343 333 332 331 314 316 327 542 543 547 558 569 582
49 1 24
49
0 142 153 500 498 496 463 459 193 194 167 208 222 225 424 432 431 410 403 351 391 390 386 582
50 1 28
50
0 163 246 250 213 219 233 189 188 469 501 494 492 487 481 444 449 454 459 461 431 403 397 385 357 89 87 582
51 1 7
51
0 266 267 300 303 318 582
52 1 3
52
0 303 582
53 1 15
53
0 30 75 35 40 46 49 51 52 59 78 77 80 81 582
54 1 27
54
0 573 572 570 557 558 559 560 561 565 567 544 537 530 529 328 320 319 318 315 333 334 307 342 343 345 582
55 1 3
55
0 277 582
56 1 10
56
0 544 567 530 393 328 323 332 308 582
57 1 19
57
0 60 62 61 65 67 66 76 32 33 39 44 46 52 13 520 78 81 582
58 1 25
58
0 135 213 174 151 463 191 424 461 459 457 451 448 440 485 489 487 478 479 398 402 392 382 358 582
59 1 3
59
0 530 582
60 1 26
60
0 295 282 278 271 269 267 306 338 309 314 318 320 327 329 530 534 537 539 538 550 554 562 559 557 582
61 1 42
61
0 132 172 247 213 230 234 235 191 193 200 194 504 503 496 494 495 493 489 487 486 485 479 470 468 458 457 451 446 435 431 432 430 424 422 364 346 394 396 402 404 582
62 1 16
62
0 54 55 74 33 46 13 15 18 9 507 511 513 77 78 582
63 1 16
63
0 269 267 301 302 342 338 334 314 318 328 330 534 559 577 582
64 1 16
64
0 132 133 158 162 178 188 500 491 489 478 479 394 398 379 582
65 1 3
65
0 529 582
66 1 5
66
0 78 77 527 582
67 1 22
67
0 124 111 151 500 497 493 438 435 434 426 424 406 359 371 379 197 199 172 174 175 582
68 1 12
68
0 53 47 43 35 31 74 526 78 77 82 582
69 1 20
69
0 54 190 414 406 269 343 333 318 326 444 449 463 500 514 524 486 529 78 582
70 1 27
70
0 169 170 156 151 182 194 197 207 224 415 266 345 342 309 311 333 317 324 393 438 66 63 78 77 80 582
71 1 32
71
0 70 72 26 485 396 393 324 317 315 314 313 332 333 340 343 345 303 267 269 274 414 500 467 479 529 535 550 569 77 78 582
72 1 12
72
0 78 559 182 189 297 331 314 316 327 21 582
73 1 26
73
0 77 573 559 544 541 534 435 430 428 426 424 418 467 162 173 273 345 339 338 347 318 322 55 78 582
74 1 14
74
0 61 44 46 473 480 401 440 453 457 303 569 559 582
75 1 30
75
0 54 66 63 53 78 77 562 544 494 463 459 448 440 346 347 319 315 305 343 410 422 426 192 205 206 175 131 135 582
76 1 13
76
0 38 75 550 544 490 262 309 332 318 322 328 582
77 1 13
77
0 554 529 444 489 501 190 411 42 44 46 78 582
78 1 25
78
0 81 77 576 574 561 559 552 550 548 545 543 73 74 329 318 390 345 272 270 262 412 469 160 582
79 1 27
79
0 95 572 548 544 540 538 535 529 485 454 326 319 316 309 306 337 336 333 346 395 402 415 282 75 78 582
80 1 6
80
0 124 402 394 331 582
81 1 37
81
0 156 184 177 172 212 245 257 303 343 337 310 311 332 331 317 323 330 408 414 422 456 189 464 478 527 489 492 497 46 48 47 61 78 572 571 582
82 1 17
82
0 78 100 544 479 316 359 300 297 271 269 267 415 232 221 172 582
83 1 36
83
0 45 35 69 73 535 534 530 482 477 444 453 454 458 461 465 497 142 157 226 266 265 267 275 279 292 297 303 342 333 331 320 327 78 573 582
84 1 4
84
0 217 530 582
85 1 14
85
0 61 12 134 177 467 228 240 411 434 390 316 308 582
86 1 32
86
0 57 40 535 536 546 554 94 569 430 436 408 399 397 326 320 319 317 333 342 302 301 370 461 455 454 221 210 170 85 87 582
87 1 23
87
0 141 494 492 527 449 455 231 270 279 284 305 314 328 329 47 26 31 76 535 559 101 582
88 1 37
88
0 46 35 70 71 534 329 328 321 318 334 336 340 303 265 371 382 397 401 415 424 431 443 449 454 463 222 170 175 150 157 162 135 127 104 86 582
89 1 10
89
0 123 232 418 337 323 328 530 78 582
90 1 3
90
0 530 582
91 1 14
91
0 45 41 525 457 453 449 401 346 331 321 323 83 582
92 1 41
92
0 77 557 548 544 534 537 525 489 485 476 477 475 503 182 170 458 454 453 374 376 353 327 322 321 319 318 314 333 308 305 300 296 44 41 37 67 63 61 78 582
93 1 12
93
0 110 130 152 502 184 306 316 325 54 576 582
94 1 30
94
0 55 47 33 537 492 493 487 479 476 460 426 411 409 406 401 394 326 319 318 316 314 331 332 333 336 302 301 574 582
95 1 69
95
0 81 80 77 78 574 570 26 36 59 94 555 554 550 541 537 567 530 329 328 324 322 318 316 314 313 332 336 337 338 306 344 345 267 268 260 384 370 411 402 396 436 429 440 449 453 467 476 478 481 485 488 496 501 517 509 233 232 234 193 194 192 190 173 133 109 107 84 582
96 1 30
96
0 81 78 548 546 535 565 170 168 159 155 453 451 449 409 345 344 306 336 318 322 323 326 328 329 393 485 503 101 582
97 1 27
97
0 78 77 81 579 50 32 534 476 435 431 427 428 397 329 324 318 314 336 303 300 454 456 182 167 135 582
98 1 25
98
0 82 573 462 495 491 485 448 450 424 430 320 317 335 309 340 301 300 64 69 36 41 47 78 582
99 1 9
99
0 169 168 232 518 332 328 66 582
100 1 23
100
0 156 170 177 460 406 399 398 396 317 331 349 384 301 300 297 71 38 44 101 90 89 582
101 1 50
101
0 42 35 55 78 77 81 574 546 538 530 324 323 318 346 331 335 339 303 302 297 289 287 276 271 268 267 382 374 418 428 434 435 436 438 479 477 478 485 487 489 493 501 469 467 182 175 135 142 582
102 1 4
102
0 529 530 582
103 1 50
103
0 54 61 549 547 543 542 538 565 561 569 573 290 294 293 250 244 460 458 448 449 447 446 396 395 384 370 302 342 339 336 311 334 332 324 326 477 462 499 504 190 194 230 213 170 157 156 144 138 582
104 1 30
104
0 78 572 546 530 529 488 489 485 481 479 465 507 143 163 204 199 420 454 449 444 401 335 337 342 318 325 65 102 582
