23
0 2 101
48 2
0 2 3481 3483 3503 3391 3759 3820 5320 5270 5284 5288 5307 5309 5211 5228 5230 5182 5203 5170 4982 5000 4088 3154 3196 3214 3261 2997 3030 3067 2550 2555 2585 2592 2596 2604 2649 2692 2714 2737 2748 2783 2217 2224 2328 2327 2062 2141 2161 1955 1965 1998 2028 2033 2057 1837 1866 1916 1703 1780 3674 4866 4867 4920 4625 4505 4531 5340 2870 2890 2897 2914 2939 2942 2460 2478 2486 2500 1535 1083 963 817 901 913 669 668 671 685 710 746 780 400 231 255 293 310 495 877 1234 5362 5404
1 2 207
66 3
0 2 3 4985 4362 4376 4378 4422 4430 4478 4527 4573 4589 4854 4870 4874 4897 4910 4928 4956 4969 4679 4697 4613 4209 4275 4276 4325 4332 3857 3866 3878 3886 3890 3700 3728 3820 3829 3549 3602 3607 3665 3990 4016 4083 4086 3298 3302 3324 3394 3168 3205 3235 3238 3247 3279 3280 3164 3518 3540 4144 4173 4191 4202 4002 4009 4033 4074 4085 4088 2997 3103 2526 2550 2549 2595 2604 2619 2632 2649 2660 2664 2372 2399 2486 2507 2218 2234 2239 2324 2332 2069 2118 2180 1942 1947 1955 2012 2047 1836 1854 1861 1860 1879 1889 1912 1706 1703 1738 1761 1788 1797 1804 1803 1819 1574 1583 1604 1619 1647 1676 1693 1447 1458 1466 1476 1480 1498 1512 1536 1553 1551 1554 1305 1314 1318 1350 1346 1351 1375 1384 1387 1412 1158 1165 1216 1234 1245 1248 1256 1261 1268 792 799 817 892 901 912 913 676 746 758 777 548 604 631 646 445 472 1073 1085 1087 1098 1108 1114 1118 1128 934 977 978 983 984 990 992 993 1008 1022 2681 2683 2798 2794 2841 2899 2936 2941 2959 5362 248 255 271 276 282 293 310 321 5364 5404
2 2 156
64 5
0 2 3 4991 4340 4376 4415 4866 4909 4921 4948 4954 4969 4972 4782 4796 4822 4594 4250 4275 4308 4095 3990 4006 4057 4065 4088 3874 3878 3918 3919 3932 3773 3785 3788 3819 3820 3605 3644 3674 3417 3461 3477 3487 3491 3503 3512 3518 3540 2993 3181 3205 3214 2850 2897 2899 2936 2941 2947 5362 2798 2809 2593 2649 2664 2368 2404 2457 2464 2466 2515 2276 2294 2327 2069 2081 2079 2188 1942 1949 1985 2009 2033 1825 1912 1926 1699 1714 1768 1788 1800 1805 1819 1560 1574 1586 1654 1657 1693 1430 1441 1451 1455 1512 1516 1534 1539 1303 1422 1239 1249 1070 1085 1090 1104 1109 1118 1134 944 963 968 993 999 1022 792 895 912 685 724 548 555 642 643 652 438 489 524 332 342 359 391 422 234 246 255 259 271 275 277 292 296 293 310 208 5364 5404
3 2 179
8 65
0 3 2 3495 3501 3512 2838 2854 2897 2923 2929 2945 2393 2242 2309 2331 2332 2354 1836 1837 1866 1904 1699 1708 1772 1777 1795 1803 1816 1294 1297 1309 1318 1336 1339 1350 1422 1169 1213 1223 1231 1234 1239 1262 1041 1046 1061 1082 1096 1121 923 928 948 950 951 952 960 979 980 984 990 993 995 1001 1011 1013 1014 1032 1031 1038 784 793 799 814 836 844 845 842 848 864 890 902 914 667 670 679 730 752 759 539 540 574 575 589 595 610 625 642 643 647 658 660 435 438 452 458 479 480 516 536 331 400 427 241 255 258 271 293 296 209 224 1453 1544 1651 1657 2033 2124 2127 2609 4233 4235 4307 4095 4109 4153 4484 4494 4561 4573 4584 4967 4785 4844 4025 4065 3856 3857 3866 3907 3931 3759 3553 3580 3644 3648 5198 5203 4340 4349 4376 4415 4422 4445 4209 4250 5320 5364 3012 3173 3175 3214 3223 3235 3238 3245 3277 3163 5362 5404
4 2 59
61 14
0 2 3505 3857 3890 4047 4071 4087 5239 4975 4302 5150 5165 4988 4530 4905 4943 4967 3724 3814 2592 2178 2192 2210 2261 2276 2332 1847 1708 1771 1784 1819 1315 685 794 825 892 901 963 986 1008 1025 552 555 255 295 412 458 487 511 1099 1101 1141 2940 3052 2997 5362 5363 5404
5 4 130
43 23 29 31
0 3787 3836 5325 5182 5197 5200 5202 5150 5128 5089 5112 5000 5230 5231 5262 5263 5283 5284 5285 5287 5301 5305 5307 5308 3851 3909 4009 4021 4053 4063 4087 4376 4398 4466 4536 4712 4733 4864 4967 1538 1586 1645 2841 2872 2875 2897 2941 2684 2773 2784 2814 2528 2563 2593 2619 2661 2664 2379 2400 2429 2457 2480 2498 2501 2508 2210 2332 2356 2069 2085 2120 2178 2188 1696 1726 1738 1804 1837 1860 1895 1904 1932 1161 1213 1224 1230 1234 1280 1422 925 934 1012 817 852 865 866 873 902 670 685 693 695 706 774 581 634 236 255 285 300 357 424 457 510 521 1073 1074 1079 1110 1134 3512 3164 2 3200 3214 2030 2034 5362 5404
6 4 121
28 11 12 37
0 5227 5247 4822 4854 4864 4886 4926 4954 4967 4976 4985 4987 5000 5008 5150 3820 3856 3487 3501 4095 3181 3193 3260 3287 2522 2596 2605 2649 2369 2377 2395 2442 2457 2208 2261 2304 2332 2351 2079 2166 2191 1699 1706 1784 1792 1836 1915 1912 1961 1979 2026 1574 1466 1535 1553 1045 1085 1102 1112 1109 1128 1147 937 955 960 965 979 980 1022 1027 1034 790 792 865 901 902 903 912 913 668 670 685 747 775 570 614 611 640 255 277 282 292 293 295 320 372 416 424 428 489 505 1315 1361 1371 1392 1186 1230 2 2685 2725 2759 2929 2940 3030 3083 3109 2973 3665 5362 5404
7 3 165
41 1 33
0 2 1535 1547 1645 1161 1222 1255 1883 255 261 293 310 562 588 602 604 655 661 450 458 470 519 790 792 865 864 873 668 685 774 1043 1055 1083 1149 925 928 934 942 978 999 1305 1315 1374 1384 1415 1771 1777 1804 2069 2081 2151 2161 2188 2192 1950 1961 1990 1994 2011 2429 2501 2509 2218 2301 2332 2681 2814 2530 2536 2541 2549 2557 2609 2649 3087 3109 3143 2892 2923 2939 2940 2945 3181 3193 3214 3245 3265 2994 2997 3000 2973 3634 3669 3426 3444 3477 3501 3503 3512 3544 3312 3382 3707 3724 3809 3851 3884 3890 3909 3918 3928 3930 4002 4006 4014 4025 4037 4074 4107 4105 4149 4173 4276 4277 4345 4377 4395 4415 4655 4661 4733 4734 4832 4835 4844 4856 4857 4874 4905 4932 4939 4947 4954 4967 4572 4587 4593 4613 4610 4484 4541 5033 5091 5352 5233 5243 5245 5246 5270 5303 5150 3162 5362 5404
8 2 77
35 21
0 2 3466 3836 3890 3918 4276 4302 4358 4377 4661 4836 4852 4856 4886 4926 4948 4570 4086 4088 5322 5270 5277 5295 5251 5264 4995 1392 241 255 295 581 585 952 983 901 903 687 692 751 1074 1136 1212 1239 1574 2530 2553 2564 2386 2484 1943 1955 1972 1979 1990 1847 1912 1726 1758 1784 1792 2097 2102 2124 2166 2178 2324 2347 2739 2784 2892 2939 3122 2989 3030 5362 5404
9 4 94
67 44 45 70
0 5295 5316 5211 5253 5002 5011 4415 3960 4043 4085 3297 3394 3437 3551 3625 3737 3823 3874 3884 3890 3905 3945 4210 4221 4226 4275 4173 4175 4505 4602 4679 4697 4706 4713 4721 4726 4831 4844 4883 1763 1780 3130 3144 3147 2648 2666 2457 2478 2265 5362 2939 2746 2792 1444 1521 1535 1090 1092 1114 1134 1153 1159 1158 1163 1168 1174 1188 1186 1241 1261 1265 1273 359 293 301 859 901 912 925 935 944 978 990 1022 1905 1942 3 2 4052 4066 5319 5364 5404
10 3 129
16 18 46
0 2 3497 3503 3303 3327 3340 3348 3416 3430 3493 5320 5096 5270 5284 5313 5210 5225 5250 5258 5265 4767 4810 4831 4857 4905 4926 4944 4943 4962 4973 4552 4469 4505 4509 4536 4580 4609 3952 3993 4047 4055 4063 4071 4085 4088 3851 3856 3909 3809 3820 4335 4340 4415 4250 4276 4299 4302 3570 3634 3648 3672 3067 2526 2619 2649 2666 2069 2124 2205 2242 2332 2408 2415 2501 2515 1950 1976 1979 1860 1703 1743 1804 1819 1422 925 928 979 980 984 990 330 356 358 400 421 454 466 570 633 647 700 713 747 777 1108 1128 1182 1186 1213 1260 1657 1676 255 263 293 300 312 790 4169 4201 4661 4728 3238 3261 2897 2941 5362 5404
11 3 105
0 54 47
0 2 3501 3505 3532 5162 5201 5247 5257 5270 5281 5286 5320 5327 5330 5340 5346 4345 4358 4376 4422 4445 4661 4543 4573 4584 4610 4905 4929 4961 4967 4969 4783 4269 3856 3909 3918 4023 4075 4079 4088 4173 4189 4201 3740 3836 3622 4541 4991 3349 3367 3214 3150 2897 2899 2923 2941 2400 2513 983 1022 685 708 767 594 640 231 255 310 400 511 519 1073 1128 1425 1434 1476 1477 1513 1535 1574 1583 1586 1726 1771 1788 1064 1090 1092 1113 1121 1134 1241 2047 2069 2124 2327 2429 2437 2474 2607 2649 2666 5362 5404
12 4 101
49 51 22 17
0 2 4208 4209 4247 5210 5211 5230 5237 5244 5180 5198 5150 5168 4982 5033 4340 4415 4451 4269 3866 3886 3414 3483 3491 3532 3570 4002 4063 4060 4065 4080 3317 3355 3762 3820 5329 5332 5333 5335 5340 5346 4173 4466 4761 4782 4836 4902 4967 4584 4613 4739 4742 5287 5312 5315 877 1753 1755 1782 1794 1840 1860 1866 1881 1703 1726 1738 1763 1769 1101 1109 1136 1233 398 222 255 310 325 574 603 3223 2844 2904 2919 2941 2683 2786 2619 2647 2069 1422 1480 1551 1595 2205 2294 3028 3030 5362 5404
13 4 82
40 50 52 39
0 2920 2960 2681 2786 2559 2564 2568 2585 2613 2620 2443 2449 2332 1889 1703 1738 1761 1560 1574 1589 1434 1466 1513 1304 928 955 984 990 1001 1011 1012 794 811 913 668 581 588 452 458 480 510 1110 239 255 284 293 295 310 782 790 864 1257 5362 4445 4536 5128 5170 5216 5258 5268 5278 5282 5315 5337 4107 4169 4250 3878 3886 3809 3666 3173 2983 3028 3075 3072 2 4886 4903 4925 5404
14 3 88
9 53 55
0 2 3457 3466 3866 3890 3886 3909 4063 4075 4107 4131 4345 4358 4376 4415 4642 4658 4733 4780 4832 4854 4864 4905 4925 4929 4948 4954 4961 4967 5128 5150 5174 4991 5000 5234 5253 5256 5258 5262 5301 5309 5320 255 300 2210 2261 2347 2124 1950 2010 1837 1840 1923 1706 1763 3214 3272 2997 3052 2683 2794 2536 2559 1513 1070 925 928 950 983 987 999 1022 1073 1079 1108 1174 1210 2069 2166 2897 2923 2940 2941 2945 2947 5362 5404
15 4 103
24 26 56 30
0 2 3429 3553 3669 3683 4079 4358 4398 4452 4739 4947 4954 5019 5095 5133 5150 5170 5231 5282 5288 5309 5311 5320 5322 4095 4140 3181 3196 3214 3223 3260 3272 2526 2618 2649 2079 2080 1708 1721 1741 1772 790 814 817 836 866 873 510 357 427 241 255 258 273 284 295 324 207 1153 1166 1202 1227 1239 1275 1273 1279 1073 1085 1098 1101 1102 1108 1125 1134 1136 983 987 991 1013 1022 1364 2255 2300 2332 3049 3067 3083 2925 2936 2941 2945 2953 2814 1535 1630 1640 668 670 614 642 5362 5404
16 4 64
57 27 20 69
0 5133 5150 5182 4340 4874 4948 4967 4787 4844 4733 4987 5053 5281 5322 5340 4201 4302 3857 3890 4023 4075 3644 2973 2825 2897 2940 2942 2953 5362 3011 3067 2547 2648 2382 2332 2079 1950 1984 1860 1721 1788 1521 1263 1269 336 255 258 282 293 322 456 873 978 990 993 581 642 670 3 2 3169 5364 5404
17 3 98
25 58 10
0 2 3727 3820 5320 5337 5290 5291 5298 5305 2681 2794 2277 2069 2155 1153 1212 1213 1234 1240 1047 1061 1104 1128 1134 1147 934 1033 817 859 865 913 914 679 689 214 239 248 255 282 295 350 450 456 458 461 476 497 624 646 978 1018 1564 1447 1829 1836 1912 1769 1780 1819 2406 2441 2509 2526 2528 2557 2649 3170 4530 4609 4866 4891 4937 4761 4764 4766 4808 4810 4672 4570 4631 4250 4308 5242 5245 5251 5128 4987 5000 5346 3570 3667 3477 3517 3532 2989 5362 5404
18 4 135
59 19 13 38
0 2 4023 4047 4057 4065 4087 5322 5293 5294 5299 4341 4377 4415 4452 4467 4504 4520 4536 4541 4761 4785 4847 4641 4982 4988 5000 2997 3052 2681 2703 2714 2896 2897 2929 2930 2940 5362 3928 4867 4877 4874 4903 4925 4929 4945 4961 4967 5128 5211 5214 5182 4105 4135 4179 4202 3820 3836 3553 3582 3461 3491 3505 3310 3312 3338 3173 3181 1714 1719 1792 1794 1805 1812 1819 1836 1837 1870 1879 1434 1441 1446 1458 1469 1476 1483 1513 1535 1300 1313 1422 1182 1186 1213 1222 1239 1257 1255 1260 790 792 692 337 366 421 234 255 220 236 318 588 457 497 524 1066 1077 1083 1092 1101 1109 1116 1125 987 1012 1574 1608 1639 1652 1979 2436 2457 2515 2619 2620 5404
19 3 141
34 60 6
0 2 3261 3306 3350 3697 3820 3833 3574 3669 3427 3466 3493 3535 3919 3986 4006 4358 4856 4864 4929 4961 4972 4973 4584 4619 4484 4531 4541 5128 5337 5268 5309 5316 5211 5251 5253 4976 4988 4995 2841 2858 2873 2883 2895 2899 2918 2936 2368 2403 2423 2435 2449 2497 2541 2649 2077 2081 2118 2166 2173 2191 1702 1741 1777 1792 1794 1836 1840 1847 1860 1425 1477 1535 1583 1586 1608 1606 1669 1954 2028 1041 1067 1073 1090 1092 1101 1102 1140 669 670 668 681 741 541 589 633 646 664 231 254 255 258 275 277 285 293 415 1273 825 836 863 873 892 902 975 978 980 983 984 1022 1374 2242 2255 2261 2346 2745 2775 2997 230 477 510 524 526 4739 4543 4573 4212 4140 5362 5404
20 3 226
42 62 7
0 3 2 210 244 246 248 255 258 278 281 282 285 289 292 296 293 313 320 359 368 438 456 503 510 522 524 595 640 665 670 714 715 793 803 811 846 863 877 885 901 935 979 991 1022 1031 1064 1071 1080 1085 1082 1096 1105 1112 1108 1114 1128 1147 1160 1176 1186 1227 1243 1261 1304 1305 1346 1371 1375 1396 1392 1399 1404 1422 1453 1470 1502 1521 1538 1539 1544 1542 1552 1563 1564 1574 1584 1608 1625 1639 1645 1647 1678 1726 1748 1773 1785 1804 1802 1838 1905 1906 1912 1926 1930 1950 1965 1989 2006 2011 2019 2026 2069 2097 2118 2125 2182 2188 2209 2210 2211 2217 2325 2327 2340 2353 2377 2379 2403 2442 2484 2497 2507 2513 2511 2528 2536 2541 2652 2649 2655 2683 2722 2746 2762 2775 2838 2895 2904 2925 2923 2939 5362 3031 3067 3082 3083 3081 3088 3109 3164 3180 3207 3224 3238 3242 3260 3261 3265 3289 3375 3379 3382 3392 3395 3433 3445 3487 3483 3493 3497 3504 3528 3540 3605 3644 3700 3729 3749 3773 3823 4376 4398 4486 4491 4506 4548 4553 4559 4590 4859 4866 4864 4899 4937 4775 4776 4643 4669 4734 4543 4556 4587 4609 4236 4095 4119 4178 3977 3987 4037 4057 3857 3870 5364 5404
21 3 178
32 15 63
0 3 2 3170 3181 3196 3219 3380 3395 3049 3050 3052 3053 2973 2528 2564 2605 2649 5362 2816 3019 3108 3119 3122 2870 1567 1644 1645 1647 1650 1008 1025 1916 1434 1469 1477 1535 1541 1540 1547 1553 1301 1303 1337 1346 1352 1371 1396 1153 1157 1162 1168 1165 1169 1176 1183 1194 1201 1202 1210 1217 1219 1227 1238 1245 1260 1271 793 790 825 865 901 457 331 356 357 388 414 422 244 247 248 255 258 268 271 276 296 293 306 313 590 641 1726 1738 1741 1763 1777 1782 1794 1819 1061 1067 1074 1079 1090 1101 1108 1109 1110 1119 1136 1149 1943 1967 1972 1980 1989 2161 2181 2234 2258 2307 2449 2481 2511 5175 4987 5026 5211 3874 3886 3887 4475 4568 4594 4866 4874 4899 4944 4949 4947 4969 4787 4844 4847 4848 4208 4210 4214 4250 4313 4335 4363 4376 4415 3707 3729 3820 3829 3551 3566 3436 3453 3461 3472 3495 3503 3512 3540 4095 4159 4207 4011 4053 5322 5364 5404
22 3 129
68 4 36
0 3 2 4209 4226 4276 5327 5278 5276 5286 5288 5294 5234 5244 5243 5199 4376 4451 4484 4509 4584 4006 4079 4088 3878 3909 3919 3487 3309 3170 3181 3245 3264 3272 2983 2994 2998 3012 2684 2807 2544 2585 2649 2666 2386 2429 1950 1955 1984 1998 2012 2034 2069 2077 2124 2188 2276 2327 2346 1657 1469 1535 1553 792 797 817 861 865 873 913 936 937 984 1022 1031 1064 1073 1076 1090 1101 1110 1134 1186 1251 1254 1281 548 596 637 649 685 416 421 427 246 255 293 310 229 1788 1836 4753 4764 4847 4857 4943 4949 4954 4956 4962 4972 4988 5032 5051 5095 5107 5128 5322 5364 3138 2899 2916 2929 2940 2941 2942 2947 5362 5404
