72
0 2 227
0 46
0 3 2 4867 4900 4952 4954 5184 5192 5195 4335 4341 4346 4348 4360 4357 4362 4363 4374 4376 4391 4392 4400 4404 4407 4414 4430 4436 4435 4440 4445 3951 3956 3965 3971 3972 3992 4002 4015 4016 4017 4026 4037 4039 4046 4057 4067 4071 4083 4086 4088 4094 4095 4110 4118 4125 4123 4129 4142 4145 4148 4153 4154 4158 4182 4186 4199 4202 4207 4231 4240 4246 4249 4257 4260 4275 4276 4286 4325 3850 3851 3857 3858 3866 3874 3878 3890 3901 3915 3920 3930 3942 3947 3945 3697 3717 3790 3799 3819 3839 3553 3574 3602 3607 3617 3628 3481 3483 3503 3509 3535 5055 5059 5074 5098 5099 5106 4982 4985 4988 4989 5002 4999 5000 5006 5013 5027 5172 4751 4780 4784 4806 4807 4802 4804 4808 4811 4824 4831 4836 4844 4847 4849 4850 4857 4864 4881 4909 4928 4944 4950 4956 4967 4586 4589 4594 4599 4615 4617 4648 4651 4655 4684 4695 4698 4703 4706 4714 4723 4727 4730 4739 4745 4553 4554 4559 4606 4472 4475 4480 4484 4489 4498 4508 4506 4511 4519 4538 5370 7 17 24 30 32 37 35 39 45 62 63 64 67 70 97 101 100 104 108 113 111 128 136 140 142 138 139 145 152 162 166 168 173 177 190 3096 5369 5404
1 3 89
96 1 119
0 3 2 4867 4947 4269 5251 5253 5263 5278 5300 5150 3261 3067 2941 2723 2203 2258 2295 2401 1990 1836 1434 1477 1041 1061 1070 1073 1101 1104 1134 925 987 786 827 902 1224 562 664 704 188 187 103 108 114 121 124 136 142 139 149 152 151 156 158 166 168 177 179 185 12 18 22 24 31 32 30 35 43 52 53 59 60 62 63 68 71 75 88 91 94 480 356 5330 5371 4201 4205 5369 5404
2 3 164
185 2 116
0 3 2 3729 3857 5371 5375 774 777 17 24 175 180 207 210 219 224 5250 5286 5293 5150 4764 4844 4006 4088 4134 3412 3463 3487 3505 3607 3167 3199 3214 3235 3247 3261 2925 2954 2415 2457 2511 2203 2222 2234 2277 2341 1821 1829 1839 1838 1843 1856 1898 1905 1917 1927 1931 1704 1708 1714 1721 1761 1770 1771 1792 1794 1811 1813 1817 1589 1608 1609 1638 1678 1157 1159 1166 1169 1176 1186 1264 1268 1280 1316 1323 1330 1339 1344 1356 1366 1368 1375 1384 1392 1410 1412 1413 1422 921 934 978 987 790 817 847 241 244 252 255 258 263 271 274 284 288 296 293 351 357 359 379 385 428 450 513 581 637 1451 1467 1469 1464 1480 1530 1553 1058 1061 1080 1101 1107 1128 1950 1984 2034 2132 2592 2634 2666 2798 2908 2929 2936 2941 3052 3071 3111 3126 3147 3011 3013 2975 3355 5369 5404
3 3 132
3 100 109
0 3 2 3430 3477 4532 4641 4035 4088 3878 3820 2908 2925 2712 2750 2794 2798 1950 1827 1828 1829 1857 1869 1879 1905 1703 1704 861 873 1157 1167 1176 1210 1211 1242 1245 1250 1287 2061 2075 2095 2113 2146 2167 2168 2180 1721 1811 1297 1301 1309 1322 1323 1326 1346 1355 1364 1399 1400 1418 1153 1177 1194 1063 1071 1073 1077 1080 1084 1097 1102 1108 1128 1137 918 921 984 991 1001 643 692 359 391 413 422 248 255 258 271 274 277 292 296 293 300 313 317 319 201 219 224 1456 1452 1470 1512 1520 1531 1538 1603 1675 1682 2230 2234 2242 2267 2332 2346 2353 2393 2431 2511 2528 2568 2664 3052 3138 2981 3009 3011 5369 5371 5404
4 3 169
73 4 102
0 3 2 3503 3907 3938 3740 3159 1567 1588 1593 1617 1647 1657 1693 1431 1436 1433 1442 1453 1468 1470 1477 1478 1480 1491 1494 1489 1515 1539 1544 1556 1313 1318 1316 1326 1332 1336 1344 1354 1357 1384 1395 1410 1411 1151 1157 1166 1168 1176 1183 1196 1211 1219 1237 1234 1245 1246 1275 1045 1061 1058 1066 1085 1082 1096 1111 1110 1114 1118 1126 1138 668 792 817 820 836 865 898 913 273 293 306 316 325 331 336 351 357 359 471 518 200 207 210 231 242 255 259 270 271 274 296 317 318 611 642 960 978 1015 1032 1831 1848 1870 1893 1905 1919 1950 1954 1975 2009 2026 2033 2032 2069 2091 2128 2218 2223 2356 2380 2439 2486 2511 2562 2587 3055 3146 2895 2899 2939 2936 2941 2947 2699 4926 5293 5301 5314 5253 5128 4518 4530 5371 1703 1704 1714 1721 1735 1733 1741 1751 1770 1780 1784 1788 1812 5369 5404
5 3 152
5 117 79
0 3 2 3512 3847 3960 4087 4088 5323 5332 5182 5371 2223 2332 2070 2118 2191 1940 1944 1830 1828 1829 1839 1847 1848 1867 1885 1889 1893 1905 1908 1915 1928 1927 1719 1721 1729 1767 1786 1792 1794 1811 1819 1574 1588 1587 1592 1647 1652 1436 1432 1446 1453 1463 1466 1469 1472 1477 1478 1480 1532 1534 1551 1300 1310 1313 1316 1326 1336 1342 1346 1350 1354 1364 1390 1398 1399 1416 1421 1176 1226 1248 1257 1260 1064 1075 1096 1105 1112 1128 1134 668 685 694 806 890 955 980 983 1022 331 332 341 359 423 240 248 250 255 258 273 269 271 274 296 293 299 319 562 588 646 477 201 213 227 1708 1714 1722 1732 1749 1751 1756 1765 1777 1802 1803 2685 2892 2897 5128 4415 4466 4469 4536 4552 4631 4767 4221 4269 3634 5369 5404
6 2 174
43 6
0 3 2 3405 3412 3446 3460 3461 3463 3481 3503 3523 3306 3324 3327 3335 3355 3365 3394 3698 3700 3731 3799 3804 3582 3614 3646 3650 3676 3965 3968 3979 3986 3993 4008 4026 4055 4052 4068 3857 3860 3896 3930 3932 1954 1984 2004 2006 2008 2018 2047 2050 2075 2091 2095 2098 2104 2105 2122 2127 2151 2148 2150 2162 2166 2217 2240 2255 2290 2298 2297 2301 2326 2334 2332 2354 2367 2368 2384 2386 2387 2393 2407 2417 2431 2458 2464 2479 2486 2484 2508 2509 2511 2523 2530 2548 2556 2559 2568 2630 2634 2639 2661 2666 2683 2711 2712 2745 2752 2763 2775 2776 2771 2773 2792 2794 2798 2811 2872 2869 2875 2896 2892 2894 2899 2904 2907 2908 2925 2936 2940 2941 2953 2957 2960 2961 2965 2970 2973 2996 3012 3019 3096 3119 3132 3152 3148 2997 2998 3011 3055 3030 3034 3168 3170 3175 3192 3199 3214 3220 3224 3225 3234 3237 3259 3265 3269 3277 3154 3156 3164 5369 5370 5404
7 3 132
9 106 107
0 3 2 4504 4905 5182 5371 4085 4221 5211 5253 5295 5314 2841 2862 2899 2683 2783 2528 2407 2203 2316 2070 2085 2097 1843 1854 1866 1905 1915 1919 1721 1726 1751 1773 1777 1800 1817 1577 1591 1617 1634 1647 1678 1694 1436 1441 1445 1450 1456 1507 1512 1520 1534 1545 1549 1301 1310 1323 1350 1346 1364 1378 1397 1399 1404 1157 1159 1165 1173 1174 1176 1217 1213 1227 1231 1275 1288 788 892 901 670 698 552 648 438 452 450 328 331 332 337 347 357 359 398 422 427 233 241 246 252 248 250 255 258 259 269 271 275 289 293 295 307 313 325 1061 1085 1086 1088 1101 1127 1128 942 968 983 987 210 219 3049 5369 5404
8 3 157
10 173 183
0 3 2 3096 2897 2899 1870 1910 1702 1741 1777 1784 1794 1795 1804 1812 1807 1816 1301 1309 1310 1315 1312 1326 1332 1336 1342 1344 1364 1366 1375 1384 1395 1396 1397 1399 1411 1151 1163 1166 1165 1176 1183 1196 1214 1227 1234 1235 1248 1263 1269 1282 1288 1048 1061 1071 1099 1114 1121 1120 1128 1134 1133 1148 925 934 968 972 1012 1018 331 336 342 357 359 422 231 239 242 244 246 248 253 255 258 261 266 271 274 275 276 283 296 293 312 315 320 581 666 713 1589 1610 1617 1633 1645 1647 1694 1455 1456 1452 1458 1464 1470 1471 1476 1507 1541 1545 1546 2095 2127 2192 1954 1967 2053 2457 2482 2511 2556 208 219 218 220 222 458 518 522 531 1821 1833 1854 1895 1905 1931 2322 2353 3173 3181 3303 4844 4867 4925 4967 5375 3674 5369 5404
9 3 164
104 11 75
0 3 2 3463 3582 4209 4144 4473 4529 4836 4942 4543 4584 4606 4661 3214 3851 4032 4055 5320 3138 2664 2405 2406 2507 2511 2301 2354 1061 1084 1088 1105 1106 1134 950 968 1005 1012 218 219 223 228 230 241 239 250 253 254 255 258 259 269 271 275 277 284 296 297 293 295 306 318 336 338 342 351 359 379 422 435 457 510 522 612 645 685 704 764 785 817 873 1151 1176 1250 1287 1288 1286 1301 1309 1315 1326 1331 1336 1339 1346 1364 1366 1374 1375 1384 1395 1398 1399 1405 1422 1421 1443 1469 1476 1471 1477 1480 1513 1531 1538 1545 1557 1574 1577 1582 1584 1586 1594 1604 1610 1616 1644 1647 1651 1692 1694 1721 1726 1731 1780 1792 1788 1800 1821 1828 1833 1878 1883 1895 1905 1954 2102 2124 2332 2715 2727 2794 2841 2892 2897 2899 5369 5150 5174 5314 5211 5222 5371 5404
10 2 205
164 14
0 3 2 280 293 356 359 100 138 76 86 96 443 452 588 668 670 685 696 704 786 825 835 873 1025 1101 1127 1431 1469 1489 1532 1541 1549 1305 1316 1332 1344 1350 1357 1390 1411 1699 1743 1754 1761 1763 1769 1770 1802 1819 1574 1610 1612 1632 1645 1966 2033 2043 1871 1880 1883 1917 2250 2069 2105 2124 2600 2667 2398 2435 2501 1207 1255 2728 2750 2811 2838 2841 2904 2908 2925 3048 3058 3067 3083 3099 2984 2988 3011 3030 3034 5369 3173 3181 3196 3200 3206 3222 3261 3272 3277 3349 3355 3379 3383 3384 3388 3403 3410 3426 3444 3475 3607 3652 3707 3743 3779 3787 3820 3823 3857 3861 3874 3886 3937 3960 3982 4001 4052 4060 4071 4086 4088 4095 4136 4157 4158 4159 4173 4189 4201 4205 4212 4208 4209 4231 4278 4286 4325 4328 5322 5292 5297 5198 4340 4371 4389 4473 4477 4481 4505 4584 4580 4610 4630 4655 4656 4727 4730 4746 4761 4764 4775 4812 4831 4850 4856 4867 4876 4887 4891 4905 4909 4921 4928 4951 4954 4967 4972 4997 4996 5006 5010 5011 5012 5013 5018 5022 5024 5020 5030 5033 5095 5375 5404
11 2 174
15 39
0 3 2 2511 2896 2908 2925 2930 5369 1113 1143 926 1828 1834 1855 1866 1878 1905 1927 1722 1729 1734 1749 1754 1786 1788 1803 1817 1604 1619 1644 1647 1438 1476 1507 1531 1549 1331 1336 1396 1399 1159 1176 1184 581 603 624 510 532 331 366 385 235 239 248 255 260 271 275 274 293 296 313 314 325 219 220 2981 2988 3016 3074 3084 3098 3100 3101 3103 3115 3118 3119 3131 2234 3030 3041 3174 3180 3181 3187 3223 3272 3277 3294 3297 3355 3367 3378 3379 3395 3457 3481 3503 3587 3586 3603 3620 3664 3703 3700 3710 3820 3824 3855 3866 3874 3886 3937 3960 3986 4016 4026 4059 4060 4099 4169 4173 4192 4209 4231 4250 4276 4325 4340 4376 4426 4453 4458 4460 4470 4494 4522 4552 4556 4584 4619 4615 4637 4651 4727 4730 4775 4783 4779 4800 4866 4884 4885 4923 4928 4952 4954 4963 4988 5001 5002 5000 5017 5048 5051 5054 5098 5102 5113 5195 5370 5404
12 2 174
56 16
0 3 2 208 219 248 250 258 275 274 277 279 282 293 297 300 310 311 325 331 336 340 347 422 425 519 548 588 624 647 668 670 711 756 793 873 883 888 890 913 929 962 990 1021 1053 1060 1072 1073 1085 1112 1129 1151 1153 1184 1192 1219 1259 1397 1453 1476 1521 1586 1645 1738 1749 1780 1786 1808 1926 2522 2549 2649 2752 2762 2799 2559 2564 2420 2429 2896 2941 2953 2961 3049 3055 3068 3115 3119 2995 3034 3172 3181 3214 3272 3279 3277 3164 3418 3491 3512 3364 3367 3388 3723 3727 3755 3769 3820 3823 3829 3608 3665 3988 4005 4030 4037 4047 4067 3847 3851 3863 3884 3912 4228 4326 4328 4129 4169 4202 4221 4256 4315 5253 5314 4340 4341 4362 4376 4377 4386 4417 4460 4483 4496 4502 4508 4555 4574 4576 4589 4597 4605 4609 4615 4656 4660 4683 4686 4692 4706 4800 4814 4831 4844 4848 4850 4856 4867 4899 4939 4954 5371 5369 5404
13 2 115
17 21
0 2 4589 4698 4976 4991 5003 5008 5010 5006 5018 5022 5026 5033 5038 5046 5048 5064 5067 5089 5091 5106 5109 5113 5129 5130 5354 5355 4362 240 241 246 248 255 271 293 312 336 340 341 356 359 378 466 522 524 648 686 746 751 1061 1064 1085 1127 1129 1147 1004 1029 1294 1339 1380 1397 1394 1399 1403 1426 1438 1450 1453 1507 1516 1521 1532 1539 1545 1550 1553 1566 1592 1615 1616 1703 1726 1731 1833 1842 1924 2997 3055 3143 2898 2904 2903 3030 3181 3242 3324 3383 3395 3696 3844 3854 3880 3884 3895 3936 3965 3972 4035 4036 4045 4072 4205 5369 5404
14 2 160
19 13
0 2 4460 4544 4546 4573 4587 4607 4853 4854 4867 4892 4899 4900 4904 4905 4909 4910 4920 4921 4926 4937 4947 4948 4954 4962 4970 4761 4767 4771 4776 4783 4792 4806 4824 4848 4674 4559 4584 4597 4613 4619 4221 4222 4236 4305 4317 4325 4376 4415 4445 4642 4651 4678 4976 4095 4136 4151 4158 4162 4159 4173 4202 4205 3951 3970 3976 3979 3986 4026 4047 4062 4067 4083 3845 3854 3866 3873 3879 3895 3915 3920 3927 3928 3694 3746 3809 3583 3598 3651 3654 3655 3665 3670 3672 3410 3414 3428 3436 3460 3461 3472 3491 3501 3509 3519 3521 3303 3380 3378 3395 3170 3173 3218 3238 3259 3269 2979 2994 2998 2996 3011 3030 3034 3041 3058 3070 3071 3087 3100 3131 3138 3143 2530 2332 2086 2124 1954 1332 1333 1758 1813 1574 1507 1535 12 69 248 255 296 195 147 151 2903 2908 2940 2941 2953 5369 5404
15 3 154
176 153 20
0 3 2 3740 3787 3820 3833 3587 3655 3666 3401 3419 3442 3497 3503 3505 3532 3890 1520 1336 1378 1384 1396 1415 1165 1206 1214 1224 1071 1080 1088 1128 1137 980 803 479 227 240 246 258 322 15 21 65 88 99 100 163 1828 1838 1870 1883 1718 2073 4057 4071 4075 4087 4107 4111 4146 4151 4164 4182 4183 4191 4222 4228 4231 4240 4254 4276 4300 4307 4338 4356 4360 4368 4376 4391 4394 4416 4430 4435 4442 4451 4466 4469 4491 4501 4502 4541 4556 4570 4573 4583 4594 4641 4674 4675 4709 4744 4743 4774 4782 4805 4808 4812 4814 4831 4851 4854 4866 4867 4872 4885 4890 4902 4905 4909 4922 4931 4944 4948 4966 4962 4969 4970 4976 4988 4987 4991 4997 4999 5000 5003 5016 5018 5048 5055 5064 5089 5091 5098 5105 5110 5114 5118 5187 5167 5375 3340 5369 5404
16 3 98
93 86 22
0 3 2 3181 7 9 15 20 22 27 31 36 34 35 44 51 61 66 70 65 69 72 75 81 90 92 99 100 105 108 113 110 117 118 124 129 140 162 163 164 176 177 178 230 246 255 258 259 277 325 331 336 356 352 357 420 483 505 575 610 751 1098 1251 1837 2034 2043 2077 2332 2395 2442 2501 2509 2559 2585 2613 2618 2664 2741 2826 2920 2941 5369 4844 4484 4584 4661 4947 5128 3857 3890 3940 4006 4053 4086 5320 5330 5371 5404
17 3 80
114 23 87
0 3 2 5314 4376 4584 4944 4976 5250 5371 3667 3416 3503 2892 2897 2061 2146 2192 1738 1263 1043 1073 1095 1119 1022 1031 337 357 366 234 255 277 279 310 100 105 108 112 114 119 124 132 142 150 162 165 168 170 177 185 8 16 17 20 21 24 31 32 35 42 45 46 67 70 71 69 80 86 94 96 519 524 548 640 774 1392 1535 1542 5369 5404
18 3 87
24 58 99
0 3 2 3820 5336 5371 5253 5300 5305 5314 4338 4376 3453 3512 3517 3540 2853 2899 2960 3049 3169 3245 2666 2437 1991 1606 955 634 457 519 190 191 108 113 111 137 149 156 165 7 10 16 17 19 32 33 37 35 45 59 61 70 71 68 69 85 89 255 1100 1136 1174 1241 1270 1364 1374 1375 1528 1836 1997 2059 4024 4060 3605 3674 4641 4734 4761 4954 4961 5288 5293 5298 4145 4494 4504 5369 5404
19 3 76
25 94 111
0 2 3 5300 5314 4377 4417 4310 5209 5247 5371 1676 1165 1222 2069 2188 2332 1838 1916 1714 1719 1819 1073 1097 1095 1102 1112 1110 963 885 901 470 519 594 108 113 116 121 146 172 11 17 20 21 26 31 37 45 53 55 58 59 62 65 72 87 94 99 285 190 4822 4570 3820 3570 3491 3501 2569 2759 2936 2941 3214 3261 3150 2997 5369 5404
20 4 119
105 26 83 59
0 5371 4734 4570 4584 4619 4504 4505 4573 4594 4609 4903 5199 5277 4376 4386 4415 4214 4221 4233 4235 4277 4308 3847 3878 3986 4024 4071 4074 4080 4083 4086 4140 4145 4202 4947 4963 4985 1997 1829 1836 1851 1899 1741 1810 1639 1476 1553 1384 1182 1270 792 844 861 873 876 890 923 1064 1095 1100 1102 1109 1110 671 695 603 630 462 331 398 419 231 241 279 295 10 14 15 18 26 41 42 45 55 59 67 70 72 78 99 103 133 134 151 162 168 3181 3214 3261 2899 2941 2955 3052 3054 3147 3150 3634 3809 3820 2228 3 2 3444 3457 3503 3382 5369 5404
21 4 130
88 27 72 69
0 3 2 4506 4573 4867 279 310 32 37 35 39 40 47 61 70 84 86 99 100 113 112 129 137 138 147 154 161 163 176 177 331 356 372 457 477 480 519 534 668 671 724 741 867 873 901 921 934 971 983 1001 1013 1041 1092 1101 1134 1151 1157 1159 1169 1182 1204 1210 1207 1234 1241 1257 1269 1315 1371 1469 1551 1606 1719 1726 1741 1771 1782 1785 1819 1829 1836 1954 1956 1980 2069 2124 2167 2178 2295 2328 2332 2346 2349 2377 2404 2405 2448 2498 2550 2562 2591 2649 2660 2741 2750 2794 2802 2814 2813 2997 3054 3030 3261 3162 5288 5314 3918 4006 4095 4240 5211 5263 5182 2873 2925 2923 5369 5371 5404
22 4 103
98 28 90 70
0 3 2 4505 4532 4540 4641 4655 1689 1165 1186 1200 1273 1280 362 421 100 322 562 670 685 901 937 1011 1043 1128 1137 4002 4032 4037 4055 4088 4358 4390 4905 4938 4954 4963 4991 5008 5322 5330 5332 5337 5314 5211 5247 5253 5346 4169 4202 3724 3820 3483 3512 3539 3349 3272 1425 1441 1535 1542 1836 1860 1883 1899 1904 1696 1726 1761 1780 1782 2111 1961 1984 1989 1997 2034 2369 2401 2405 2429 2442 2476 2484 2210 2224 2228 2240 2327 2741 2798 2794 2522 2546 2568 3055 3146 2897 2912 5369 5371 5404
23 3 74
146 29 150
0 3 2 4 7 12 15 17 21 22 23 24 30 36 38 40 45 46 51 53 56 55 59 61 63 65 70 71 69 76 85 86 96 99 100 101 113 147 149 151 156 162 163 166 175 182 5369 4775 4807 4808 4831 4836 4850 4857 4867 4881 4905 4910 4949 4954 4993 5006 5018 5027 5044 5046 5144 5159 5166 5204 5099 5121 5375 5404
24 2 37
97 30
0 2 3 5314 5141 4976 5006 5011 5012 5029 5027 5032 5039 5046 5055 5091 5126 5135 4358 4641 4910 4948 4954 4085 2936 2069 2079 2146 1771 1785 5369 934 642 231 5263 5371 5404
25 2 84
168 31
0 2 3 5204 5051 5055 5089 5099 5101 5036 5037 5047 5147 5153 5166 5295 4173 4060 2326 2069 2079 1834 1851 1802 1803 1814 1595 1659 1678 1444 1476 1532 1061 1104 100 111 123 151 154 6 59 70 94 293 357 359 422 457 643 640 790 794 1331 1342 1344 1364 1396 1403 1453 1545 2394 2941 2947 5369 3272 3276 3389 3428 3759 5064 5070 5080 5087 5090 5095 5102 5108 4584 4240 4822 4844 4903 5375 5404
26 2 253
33 51
0 3 1454 1447 1458 1466 1467 1469 1477 1480 1483 1491 1489 1500 1511 1515 1530 1531 1545 1552 1554 1558 1351 1151 1168 1227 1047 1066 1071 1108 1109 921 928 972 1036 817 844 873 780 777 362 400 421 255 295 548 575 578 612 624 640 501 1569 1582 1588 1591 1593 1644 1661 1675 1679 1692 1719 1714 1716 1740 1744 1745 1751 1760 1763 1764 1766 1775 1777 1792 1794 1800 1802 1806 1813 1814 1821 1827 1829 1848 1856 1857 1866 1885 1887 1890 1893 1895 1904 1912 1923 1924 1926 1929 1927 1938 1954 1965 1975 1990 2018 2027 2033 2034 2045 2062 2058 2059 2060 2064 2070 2073 2074 2075 2076 2086 2095 2108 2109 2105 2114 2124 2125 2141 2146 2144 2155 2165 2174 2177 2178 2184 2188 2210 2219 2232 2236 2245 2276 2294 2308 2305 2328 2326 2327 2332 2353 2350 2377 2382 2384 2381 2386 2418 2423 2424 2429 2431 2457 2458 2467 2478 2485 2486 2482 2498 2505 2507 2514 2509 2511 2512 2517 2521 2523 2530 2541 2580 2591 2612 2618 2636 2651 2647 2649 2666 2745 2786 2813 2816 2858 2892 2896 2899 2919 3192 3193 3218 3223 3237 3261 2994 3054 3067 3065 3312 3332 3351 3375 3462 3535 3549 3590 3608 3670 3705 3815 3820 3851 3853 3857 3870 3918 3931 4270 4315 4451 4469 4506 4536 4552 4573 4584 4728 4785 4822 4905 4929 4982 4993 5000 4107 4133 4149 5370 5371 5404
27 2 175
66 34
0 3 5011 3214 3264 3890 4021 4079 4341 4417 4247 4269 4305 3644 3418 3518 3367 3396 3724 3815 2997 3083 3138 2858 2794 2524 2365 2366 2379 2384 2386 2390 2399 2406 2407 2416 2421 2423 2427 2429 2446 2452 2462 2465 2482 2484 2500 2498 2509 2515 2202 2208 2206 2212 2218 2224 2236 2238 2240 2248 2272 2270 2279 2294 2290 2305 2332 2333 2337 2341 2353 2356 2075 2090 2095 2102 2118 2124 2145 2151 2150 2155 2163 2164 2177 2178 2188 2191 2192 2197 1952 1954 1964 1962 1974 1971 1972 1983 1984 1993 1994 2020 2024 2034 2040 2050 2047 2054 1833 1838 1849 1855 1856 1858 1859 1860 1866 1879 1885 1904 1917 1921 1927 1704 1708 1726 1751 1782 1786 1798 1800 1804 1796 1802 1803 1813 1569 1604 1617 1638 1639 1640 1645 1646 1678 1476 1502 1041 1128 438 480 510 357 255 282 299 668 685 777 790 873 941 979 1300 1166 4469 4485 4536 4866 4886 4910 4967 5370 5371 5404
28 2 230
18 35
0 3 2 3965 3546 3556 3586 3593 3598 3611 3619 3622 3626 3630 3636 3634 3637 3649 3661 3670 3679 3402 3403 3410 3422 3427 3431 3461 3480 3481 3487 3497 3501 3514 3529 3540 3289 3295 3296 3297 3301 3325 3370 3727 3743 3746 3749 3771 3787 3791 3797 3815 3819 3820 3836 3857 3880 3901 3918 3920 3921 3926 3927 3930 4452 4462 4493 4535 4545 4546 4566 4568 4573 4600 4609 4627 4630 4642 4647 4657 4690 4711 4718 4719 4730 4767 4796 4808 4810 4837 4854 4892 4559 4583 4584 4597 4221 1738 809 815 867 702 332 122 131 154 179 12 14 35 42 55 61 69 82 274 282 293 435 452 510 548 595 933 1033 1179 1250 1272 1630 1961 1989 2048 2054 2507 2831 2883 2892 2896 2899 2895 2907 2908 2909 2910 2912 2920 2929 2941 2675 2679 2686 2709 2714 2728 2729 2738 2767 2778 2784 2792 2794 2804 2808 2811 2525 2530 2541 2546 2550 2556 2564 2562 2586 2587 2607 2613 2618 2619 2634 2639 2641 2645 2649 2662 2663 2664 3041 3051 3054 3073 3083 3085 3087 3088 3097 3098 3096 3108 3118 3128 3130 3132 3144 3008 3016 3017 3020 3019 2973 2233 2301 2328 3170 3172 3178 3192 3196 3202 3207 3214 3223 3238 3259 3164 5369 5011 5058 5112 5370 5404
29 2 196
8 36
0 3 2 2381 2437 2509 2895 3046 3058 3027 3030 3034 3167 3168 3170 3175 3180 3192 3199 3206 3213 3242 3257 3261 3262 3259 3265 3269 3276 3281 3283 3160 5369 3011 3071 3087 3099 3096 3109 3115 3128 3129 3143 3147 3150 2571 2169 2230 2346 1830 1836 1854 1704 1721 1745 1797 1802 1803 1817 1819 1608 1617 1638 1639 1436 1453 1471 1548 1309 1316 1333 1356 1382 1157 1160 1174 1186 1231 1249 861 755 207 219 250 255 332 336 351 356 438 5080 5001 5007 5025 3289 3293 3298 3301 3307 3339 3341 3350 3361 3366 3394 3404 3420 3427 3457 3460 3461 3481 3487 3485 3494 3497 3503 3507 3509 3513 3518 3540 3553 3565 3578 3595 3601 3605 3609 3612 3613 3619 3622 3633 3634 3635 3652 3649 3654 3665 3670 3672 3679 3696 3709 3712 3721 3725 3737 3749 3758 3773 3785 3789 3805 3819 3823 3829 3834 3837 3857 3854 3855 3884 3888 3911 3909 3939 3946 3948 4208 4256 4095 4098 4100 4114 4142 4159 3951 3950 4376 4411 4451 4739 4549 4586 4856 4885 4931 4946 4774 4910 4921 4963 5370 5404
30 3 169
37 187 189
0 3 5268 5215 5220 241 255 293 295 21 46 70 94 100 175 1336 1450 1454 1456 1453 1494 1511 1586 1682 1703 1817 1838 1883 925 983 1061 1128 1163 3463 3481 3946 3948 3945 3956 3960 3965 3974 3976 3985 3996 3992 3993 4013 4019 4026 4031 4032 4033 4045 4049 4050 4052 4056 4059 4066 4067 4071 4084 4086 4095 4097 4102 4114 4121 4151 4175 4202 4201 4231 4238 4265 4284 4317 4329 4334 4342 4341 4376 4378 4382 4408 4436 4442 4446 4451 4462 4475 4489 4519 4554 4555 4559 4570 4571 4574 4583 4584 4589 4597 4609 4643 4653 4655 4656 4669 4672 4677 4684 4685 4704 4709 4723 4740 4764 4767 4777 4774 4785 4808 4831 4834 4852 4856 4870 4884 4888 4905 4909 4914 4915 4926 4927 4937 4946 4950 4952 4954 4963 4968 4970 4978 4988 4994 5002 5000 5011 5024 5025 5054 5069 5080 5091 5094 5101 5106 5110 5128 5150 2649 3214 5320 5370 5375 5404
31 2 148
40 82
0 3 4976 5095 5098 222 230 239 244 250 255 258 271 274 279 293 299 313 325 351 359 403 422 438 452 457 472 503 518 522 528 632 648 670 668 673 685 692 715 770 782 808 817 834 850 873 882 898 926 1022 1032 1034 1053 1064 1084 1085 1082 1105 1108 1109 1133 1151 1159 1161 1169 1176 1196 1223 1219 1227 1242 1254 1275 1302 1312 1316 1317 1323 1357 1390 1395 1402 1400 1406 1410 1411 1436 1442 1455 1453 1463 1503 1531 1549 1584 1616 1619 1622 1628 1645 1647 1659 1657 1678 1681 1712 1721 1748 1751 1771 1777 1786 1788 1795 1802 1803 1808 1811 1835 1857 1860 1870 1906 1908 1923 1954 2509 2549 2816 2903 3030 3207 3214 3218 3367 4047 4095 4202 4655 4307 5150 5278 5237 5241 5249 5370 5371 5404
32 2 150
42 71
0 3 5285 5301 5314 4358 4376 4415 3746 4107 4201 4063 4083 3907 3523 3533 2929 2941 2487 1984 2034 2069 2152 1738 1645 1436 1432 1453 1469 1303 1313 1315 1316 1323 1330 1331 1336 1342 1344 1351 1350 1354 1390 1397 1398 1405 1406 1408 1412 1423 1159 1161 1166 1167 1176 1179 1192 1194 1231 1245 1250 1257 1280 1287 1288 1048 1085 1086 1090 1101 1128 918 926 932 980 983 984 1022 1034 788 793 817 824 838 835 863 873 892 902 670 668 679 705 746 770 553 575 583 602 604 640 648 647 231 234 239 255 262 271 274 279 293 297 306 310 317 325 330 331 336 344 359 424 428 438 437 457 462 477 489 503 510 519 516 230 2324 2407 2619 2651 3193 3162 4942 4584 5209 5239 5255 5263 5370 5371 5404
33 2 119
57 44
0 3 4782 4473 4494 4584 4212 4105 4201 4074 4086 3938 3487 3523 2825 2840 2854 2873 2881 2878 2883 2890 2885 2892 2894 2899 2907 2919 2923 2929 2931 2936 2940 2941 2942 2954 2670 2674 2683 2685 2698 2699 2703 2711 2725 2726 2733 2731 2739 2741 2752 2776 2785 2803 2807 2810 2525 2530 2535 2543 2542 2550 2565 2563 2592 2602 2610 2625 2634 2641 2647 2663 2660 2661 2666 2965 2970 2971 2992 2997 2998 3004 3013 3016 3014 3019 3024 3052 3197 3260 3261 2223 2408 1950 1981 817 836 984 1090 1110 1134 741 777 331 438 500 220 1169 1188 1186 1535 2104 1734 4945 4962 4967 5370 5371 5404
34 2 167
38 47
0 3 5185 5187 5138 5164 4750 4753 4785 4824 4841 4847 4848 4653 4655 4679 4697 4701 4706 4713 4721 4723 4726 4729 4739 4740 4744 4545 4555 4563 4562 4570 4583 4586 4587 4589 4594 4603 4621 4622 4462 4467 4487 4486 4519 4525 4779 4831 4836 4878 4885 4886 4887 4927 4930 4931 194 100 101 105 114 122 127 139 151 152 157 158 162 166 171 5 10 7 18 24 27 29 35 45 46 44 51 49 55 63 66 71 72 82 96 98 3891 3437 3442 3572 3607 3625 3657 3721 3727 3737 3816 3824 3830 4089 4095 4097 4107 4134 4139 4144 4146 4149 4180 3949 3964 3965 3985 3992 3999 4004 4018 4021 4030 4043 4046 4059 4065 4068 4074 4073 4085 4341 4353 4351 4357 4376 4377 4389 4424 4438 4446 4208 4216 4228 4246 4250 4254 4255 4257 4279 4280 4275 4276 4277 4313 4316 4319 4320 5058 5071 5101 5110 5112 5370 5404
35 2 106
49 158
0 3 4987 4997 5001 5017 5033 5032 5047 4394 4403 4415 4278 4276 4095 4105 3985 3988 4077 3850 3874 3877 3909 3937 3946 3732 3808 3288 3295 3459 3462 3594 3672 4870 4928 4943 4949 4947 4969 4777 4682 4715 4571 4584 4625 4489 4491 4538 5342 2761 2797 2918 2380 2399 2449 2476 2332 1856 1716 1734 1795 1817 1639 1158 1163 1174 1061 1084 1114 1119 1142 341 357 422 255 258 271 292 296 297 309 230 241 246 275 293 299 1332 1404 1545 1546 1552 2161 2564 2567 3115 3030 3225 5186 5207 5091 5095 5104 5375 5370 5404
36 2 136
161 50
0 3 626 477 519 330 357 359 393 259 285 322 201 113 123 135 134 186 4 12 18 45 88 98 955 1007 792 817 1213 1234 1273 1073 1085 1121 1137 1471 1507 1532 1534 1315 1330 1712 1721 1716 1763 1788 1798 1805 1833 1890 1910 1976 2075 2214 2224 2347 2377 2386 2530 2649 2797 2997 3000 3052 3150 2892 2899 2904 2928 2935 2941 2942 2953 3261 3327 3332 3377 3386 3402 3416 3512 3533 3538 3554 3729 3736 3781 4107 4153 4158 4201 4203 4026 4039 4085 4088 4380 4584 4597 4536 4767 4810 4836 4867 4926 4942 4954 4961 5002 5003 5008 5011 5012 5017 5025 5028 5033 5038 5046 5093 5095 5102 5113 5121 5123 5144 5149 5160 5182 5190 5195 5204 5219 5370 5375 5404
37 2 115
52 142
0 2 3 5293 3887 3918 3930 3940 2689 2753 2751 2783 2784 2794 2815 2841 2844 2846 2858 2872 2892 2898 2904 2910 2916 2921 2925 2929 2940 2953 2960 2377 2379 2459 1990 2188 1706 1804 1564 1590 1480 1538 1547 1041 1061 1085 1101 1134 1204 1234 1263 1318 1375 1384 980 996 790 800 873 472 531 588 646 777 416 258 279 292 191 192 2304 3276 2613 2651 2664 2666 5373 4755 4767 4783 4781 4795 4796 4802 4813 4817 4819 4820 4835 4844 4850 4856 4921 4925 4954 4578 4584 4599 4600 4607 4615 4622 4624 4641 4667 4672 4677 4674 4684 4717 4730 5199 5211 5371 5404
38 2 166
65 7
0 3 2 1984 2012 2019 2050 2090 2095 2104 2182 2208 2214 2223 2239 2295 2332 2369 2366 2367 2377 2386 2393 2425 2441 2439 2461 2468 2511 2519 2524 2544 2568 2587 2618 2666 2683 2679 2686 2703 2712 2750 2763 2783 2888 2907 2925 2936 2944 2955 2961 3052 3055 3081 3083 3115 3132 3140 3143 3150 2994 3002 3016 3174 3175 3181 3192 3206 3207 3237 3239 3274 3289 3295 3296 3303 3383 3444 3446 3501 3539 3628 3687 3714 3744 3748 3754 3783 3786 3836 3846 3850 3905 3915 3947 3972 4005 4002 4026 4057 4074 4086 4134 4151 4162 4175 4189 4191 4201 4207 4214 4228 4234 4252 4260 4275 4286 4300 4325 4358 4391 4389 4390 4399 4409 4415 4436 4494 4506 4513 4563 4570 4567 4587 4594 4600 4641 4662 4671 4836 4899 4921 5011 5192 5225 5341 5371 255 279 357 457 476 510 670 692 865 921 1083 1090 1102 1109 1110 1203 1480 5369 5404
39 3 81
80 193 63
0 3 4985 5033 5150 5128 5314 5216 4733 4547 4552 4572 4573 4602 4214 4276 4308 4149 4088 3851 3903 3705 3303 3375 3388 3395 3461 3481 3501 3604 3672 3043 3055 3067 3093 2210 2214 2220 2332 2047 1589 1590 1645 1708 1738 1061 1174 1257 1270 1280 817 873 255 55 71 151 224 1551 2442 2457 2482 2897 2899 2759 2783 2807 2649 5353 4382 4409 4426 4526 4536 4782 4808 4822 4836 4926 5375 5371 5404
40 4 87
81 172 188 157
0 3 4981 4985 5033 5260 5182 500 356 255 259 285 322 21 36 38 40 53 88 100 111 123 134 138 139 147 149 151 154 162 176 368 670 1001 1073 1159 1197 1241 1564 1612 1659 1678 1443 1455 1534 1553 1554 1828 1848 1722 1732 1788 1801 2097 2024 2033 3501 3522 3340 3820 2919 2942 2683 2807 2224 2273 2301 2327 2567 4075 3878 3919 4212 4739 4543 4452 4808 4810 4854 4929 5128 5322 5323 5332 5371 5375 5404
41 3 111
64 169 91
0 3 4987 4993 5010 5033 4148 4006 4071 4085 5218 5231 5239 5235 5241 5257 5262 5263 5278 5280 5287 5293 5300 5314 5329 5337 5193 3820 3838 3890 4857 4864 4907 4903 4905 4944 4947 4954 4831 4836 4844 4847 4655 4683 4601 4609 3242 3109 2841 2897 2899 2942 2681 2775 2786 1703 1782 1803 1303 1323 1331 1403 925 983 984 1041 1055 1128 1149 1242 1638 1456 1471 1513 1549 545 558 581 660 500 519 229 100 113 151 21 53 50 99 255 258 279 293 356 359 710 877 901 950 1879 1979 1991 2096 2146 2647 2390 2399 2478 5371 5375 5404
42 3 78
177 92 190
0 3 5347 4097 3205 3214 3059 3080 1706 1757 1788 1836 1166 1188 1200 1202 1208 1230 817 873 777 229 238 239 255 336 357 359 427 100 150 16 30 55 60 81 99 138 162 166 585 5371 1654 1476 1392 1196 1215 1234 1273 1064 1102 4597 3431 5210 5227 5228 5232 5239 5253 5182 5188 5192 5329 5280 5306 5316 5170 5173 5177 5128 5130 5095 5027 5046 4376 4967 5375 5404
43 4 79
194 170 148 103
0 2460 1958 2024 1833 1923 1722 1729 1733 1786 1788 1813 2111 2192 1151 1213 1234 1239 1090 1104 1109 1137 1150 100 102 107 125 150 163 166 171 185 15 21 38 56 55 70 68 69 76 85 86 255 293 336 357 359 420 516 640 1535 1551 1607 5011 3 5279 5281 5288 5230 5231 5233 5259 5123 5128 4844 4866 4899 4967 4584 4590 3214 3235 4095 4250 5320 5371 5375 5404
44 3 50
152 48 120
0 3 5348 5211 5256 5370 5371 4584 100 107 113 111 120 122 134 138 145 149 151 153 163 177 10 15 22 28 32 36 38 45 46 53 54 60 61 62 63 70 71 74 82 95 98 99 4822 4867 4883 4969 5375 5404
45 4 45
192 121 179 156
0 3 5292 5027 293 15 21 22 23 30 44 53 65 96 99 100 151 162 177 179 222 670 921 925 1305 1316 1422 1464 1470 1507 1544 1622 1645 1696 1757 1908 1153 3147 3150 2940 3977 4967 5375 5371 5404
46 4 73
186 154 174 122
0 3 4976 5128 422 1954 1859 1899 1927 1714 1718 1719 1792 1802 1814 1817 1041 1114 1128 1181 1206 1234 1325 1356 1399 1404 1420 1468 1476 1491 1512 1534 1538 1638 1655 1671 925 817 100 114 119 147 150 149 162 175 4 7 17 30 73 88 86 95 99 255 293 295 300 318 581 4016 2935 2945 2946 2953 3214 4836 4844 4929 5375 5371 5404
47 3 104
184 123 163
0 3 5182 5337 5281 5292 5293 5314 5231 5247 5375 4926 4954 4967 4981 4609 4250 3666 4006 4021 4079 4088 3312 3481 2904 2929 2940 2945 3067 3087 2998 2063 2326 1064 1073 1434 1453 1476 1498 1511 1512 1516 1534 1574 1670 1671 1678 1694 1174 1230 1234 1316 1323 1333 1344 1348 1390 1403 925 934 980 983 201 224 100 102 149 151 162 4 7 15 21 22 30 45 53 67 70 98 99 255 277 282 293 356 359 477 584 660 777 865 902 1754 1817 1819 1838 1842 1898 1932 2517 2568 5371 5404
48 3 103
178 124 61
0 3 5268 3853 4002 4055 4085 4424 4728 4733 4730 4836 4844 3495 3493 3535 5323 2464 2530 2555 2585 2595 2604 2649 2655 2080 2083 2223 2305 2349 1828 1842 1883 1893 1932 1699 1706 1753 1755 1761 1771 1574 1627 1654 1174 1237 1251 1344 925 972 980 999 337 427 236 255 258 279 280 282 295 325 21 22 25 47 55 88 100 125 151 152 156 1083 1149 692 747 861 230 457 498 524 642 643 1965 2043 2055 3181 2883 2890 2897 2899 2929 3083 3147 5211 5246 5253 5128 5091 5375 5371 5404
49 4 51
155 147 125 166
0 3 5027 5037 5053 424 100 118 134 151 176 179 185 9 23 26 36 50 61 63 92 99 275 293 873 1169 1196 1206 1234 1242 1061 1073 1121 1678 1694 1450 1534 1316 1399 1814 1817 1883 2457 2486 5147 4761 4874 4967 5375 5371 5404
50 3 116
112 126 118
0 3 2 4655 670 668 679 691 689 709 711 713 738 744 746 749 754 759 541 555 561 576 589 597 607 608 614 611 618 624 635 638 647 661 431 435 438 451 457 464 465 472 476 495 500 510 522 531 330 331 332 333 338 351 354 356 359 365 377 382 391 411 422 423 427 231 235 244 246 251 252 250 254 255 258 259 261 266 264 273 270 275 277 280 283 284 287 296 295 309 317 322 325 211 217 218 219 225 923 965 1025 1836 1932 1780 1816 3173 3272 3851 4867 5037 5330 5332 5371 1553 5372 5404
51 3 136
74 110 127
0 2 3 5313 5314 4376 4641 2351 1048 1053 1050 1061 921 925 934 948 955 960 965 968 971 974 976 979 983 990 994 1000 1007 1009 1012 1025 1022 1029 790 807 811 817 914 670 668 679 710 725 752 775 777 544 546 550 553 555 574 576 587 593 608 625 634 661 231 240 241 244 250 258 263 275 277 283 296 295 299 300 306 318 319 322 325 332 337 357 359 365 366 362 367 369 373 390 395 397 403 412 415 420 422 435 438 439 447 452 453 454 457 459 466 490 503 504 510 522 528 531 225 1434 1829 2038 2151 2178 2584 3260 3570 3453 4173 4055 5320 5325 5371 3820 3857 2899 2940 2942 5373 5404
52 3 151
128 89 76
0 3 2 3820 4376 4867 4902 4954 4836 5371 5128 4097 4142 817 883 241 242 248 255 258 279 285 322 361 477 504 523 600 637 1227 1234 1070 1071 1110 1136 695 2674 2670 2693 2703 2706 2717 2725 2722 2728 2733 2732 2517 2528 2549 2555 2564 2572 2573 2575 2613 2616 2617 2631 2636 2649 2655 2064 2079 2134 2138 2151 2162 2167 2197 1948 1967 1970 2012 2023 2019 2040 2042 1832 1847 1861 1879 1881 1882 1904 1905 1908 1917 1923 1929 1931 1704 1715 1726 1733 1738 1758 1768 1779 1786 1783 1789 1799 1797 1802 1803 1809 1811 1817 1560 1567 1582 1584 1611 1618 1621 1637 1634 1641 1645 1648 1659 1656 1669 1668 1678 2229 2234 2242 2248 2241 2252 2265 2282 2310 2318 2336 2337 2422 2437 2452 2457 2462 2474 2510 2897 3067 3590 3604 5373 5404
53 3 173
129 67 78
0 3 2 3052 2685 2940 2386 2208 2214 2219 2238 2258 2266 2272 2280 2277 2284 2294 2297 2303 2308 2311 2313 2328 2335 2337 2345 2349 2352 2069 2103 2119 2115 2121 2123 2126 2125 2130 2137 2134 2139 2146 2162 2168 2181 2193 1947 1948 1951 1957 1959 1966 1988 1987 1994 1997 2013 2021 2022 2027 2031 2033 2040 2043 2057 2054 1828 1831 1836 1837 1838 1842 1844 1846 1848 1853 1857 1879 1882 1883 1887 1904 1905 1908 1910 1917 1919 1922 1927 1701 1703 1715 1726 1745 1748 1751 1769 1777 1779 1782 1786 1794 1789 1791 1800 1802 1803 1807 1808 1811 1300 1392 925 937 991 792 845 764 777 212 240 258 277 337 362 419 466 500 1073 1092 1113 4661 4836 4886 4896 4903 4910 4921 4929 4954 4961 4573 4235 4266 4105 4016 4071 3919 3491 3512 5325 5338 5296 5170 5182 5371 1640 1641 1644 1648 1649 1650 1646 1651 1653 1664 1674 1677 1678 1189 1208 5372 5404
54 3 181
130 115 68
0 3 2 5347 637 646 258 1079 1109 1239 1275 817 873 1547 1660 1661 1665 1667 1677 1678 1685 1692 1697 1708 1719 1723 1731 1754 1749 1751 1766 1769 1780 1785 1788 1789 1794 1795 1796 1802 1811 1823 1827 1828 1834 1840 1846 1855 1856 1882 1887 1894 1904 1907 1905 1908 1909 1913 1917 1927 1931 1948 1953 1956 1955 1966 1971 1976 1983 1984 1988 1992 2006 2005 2010 2021 2031 2033 2035 2061 2071 2097 2102 2110 2107 2118 2120 2122 2139 2144 2151 2157 2155 2169 2181 2185 2183 2188 2210 2214 2238 2246 2258 2296 2300 2310 2326 2327 2332 2386 2387 2396 2401 2405 2414 2418 2425 2422 2432 2435 2453 2466 2472 2477 2483 2484 2508 2511 2525 2526 2527 2530 2532 2534 2552 2558 2563 2574 2578 2582 2587 2600 3052 3193 3245 3260 3274 3287 3884 3909 4209 4269 4307 4358 4886 4899 4903 4925 4944 4973 4783 4191 4201 3462 3477 3491 3495 3512 3303 3388 5374 4065 5229 4982 4985 4993 4995 5033 5323 5371 5404
55 3 179
131 181 167
0 3 2 3214 3260 3570 5269 5305 5211 5253 5375 4536 4808 4836 4897 4925 4926 4954 4844 4655 4573 4016 4053 4079 3909 3820 2992 2973 2823 2822 2834 2842 2892 2672 2677 2679 2695 2721 2722 2724 2730 2732 2744 2745 2747 2754 2759 2767 2768 2772 2774 2778 2783 2780 2791 2792 2799 2798 2807 2804 2524 2525 2526 2530 2528 2538 2545 2541 2549 2556 2571 2575 2579 2581 2582 2587 2596 2598 2599 2606 2609 2615 2631 2633 2634 2648 2655 2659 2370 2377 2379 2384 2403 2407 2408 2411 2418 2419 2426 2433 2428 2431 2440 2439 2447 2452 2455 2462 2466 2467 2475 2473 2478 2479 2486 2483 2484 2490 2499 2497 2502 2510 2515 2210 2300 2356 2065 2083 1721 1732 1769 1777 1788 1804 1817 1828 1840 1860 1883 1893 1895 1434 1444 1303 1299 1336 1348 1399 1404 1159 1163 1237 1234 1251 1061 1080 1085 1083 1114 1128 1136 685 777 817 873 255 277 293 400 457 548 664 1022 1612 1621 1622 1656 5372 5404
56 3 97
132 180 159
0 3 2 4086 5322 5347 5353 5234 5244 5253 5258 5265 5301 5158 5010 3163 3164 3166 3172 3177 3175 3181 3193 3199 3206 3232 3257 3260 3261 2997 3054 3059 3076 3080 3092 3089 3095 3101 3106 3108 3119 3120 3130 3138 2978 2988 3031 3033 3034 1604 1627 1708 1761 1817 1816 1072 1128 1182 866 685 777 548 661 258 277 293 295 201 1464 1516 1535 1305 1384 1973 1842 1931 2356 2967 2966 2973 2929 3196 3197 3213 3217 3223 3234 3243 3253 3276 3277 3298 4929 4967 5375 5372 5404
57 2 219
133 55
0 2 3 4976 5033 4372 4407 4414 4431 4216 4221 4231 4243 4247 4260 4267 4272 4275 4276 4280 4298 4301 4302 4107 4106 4132 4138 4146 4152 4153 4156 4163 4178 4179 4201 4206 4207 3954 3956 3960 3992 4008 4011 4012 4017 4018 4021 4029 4026 4033 4040 4048 4053 4063 4060 4067 4068 4071 4084 4088 3850 3857 3861 3870 3874 3875 3880 3881 3895 3914 3920 3921 3940 3692 3698 3716 3718 3733 3770 3781 3809 3819 3289 3303 3313 3323 3338 3340 3344 3346 3352 3365 3384 3406 3402 3404 3428 3433 3446 3477 3481 3499 3503 3529 3539 3579 3580 3593 3604 3609 3607 3628 3654 3670 3170 3173 3175 3182 3186 3195 3199 3213 3214 3228 3234 3238 3237 3239 3251 3272 3283 3284 2996 3003 2683 2794 2811 2892 3046 3049 3054 3055 3078 3080 3091 3104 3110 3115 3119 3120 3126 3130 3138 3141 2992 2973 1476 1535 1553 2415 2457 2509 2289 2124 1696 1699 1819 1887 1169 1073 921 928 987 1022 827 873 670 685 581 457 477 419 258 261 277 279 5371 4822 4836 4457 4467 4475 4489 4490 4491 4493 4498 4512 5123 5332 5268 5310 5314 4349 4361 4366 4376 4427 4451 4854 4954 4961 4552 4554 4570 4578 4584 5373 5404
58 3 215
134 182 191
0 3 2 3214 3218 3285 3281 3283 2904 2941 2973 522 359 368 255 261 266 277 285 640 670 913 934 980 1041 1071 1091 1103 1114 1136 1201 1210 1212 1213 1234 1356 1374 1390 1394 1471 1476 1511 1551 1567 1591 1696 1721 1744 1750 1777 1794 1795 1797 1829 1847 1856 1885 1908 1924 1931 1935 2171 2177 2214 2346 2481 2515 2647 3030 3083 3146 3298 3306 3323 3337 3333 3346 3347 3352 3361 3367 3375 3378 3379 3383 3384 3393 3400 3405 3402 3403 3404 3420 3421 3433 3434 3444 3446 3461 3466 3467 3481 3487 3491 3501 3503 3499 3509 3510 3520 3528 3539 3537 3547 3548 3552 3553 3557 3561 3570 3579 3578 3584 3585 3589 3594 3598 3601 3602 3603 3605 3617 3619 3621 3622 3643 3648 3650 3654 3656 3665 3667 3663 3699 3707 3712 3717 3718 3719 3720 3725 3726 3727 3728 3733 3740 3748 3749 3767 3768 3770 3781 3782 3789 3802 3825 3829 5322 5277 5305 5306 5231 5247 5252 4376 4867 4782 4641 4599 3688 3716 3721 3723 3730 3735 3736 3737 3743 3744 3763 3773 3774 3791 3798 3804 3805 3814 3845 3846 3851 3857 3863 3867 3868 3874 3875 3877 3878 3881 3890 5372 5037 5082 5375 5404
59 3 225
135 149 151
0 3 2 9 12 17 26 30 36 38 45 55 61 65 70 86 96 99 100 118 149 151 162 3288 3289 3301 3307 3313 3319 3321 3334 3335 3340 3344 3350 3359 3367 3366 3389 3394 3403 3409 3413 3421 3423 3433 3435 3446 3463 3467 3481 3487 3484 3503 3511 3517 3523 3528 3547 3553 3561 3566 3579 3580 3605 3617 3619 3628 3633 3639 3648 3655 3663 3687 3698 3721 3718 3729 3733 3737 3743 3748 3757 3769 3776 3777 3779 3782 3786 3791 3803 3799 3833 3835 3845 3851 3857 3859 3864 3866 3867 3882 3884 3890 3897 3893 3920 3926 3928 3924 3925 3929 3935 3937 3946 3944 3956 3965 3972 3975 3983 3987 3988 3991 3992 3995 3999 4008 4010 4026 4036 4040 4048 4053 4056 4052 4057 4067 4071 4080 4084 4086 4088 4103 4106 4111 4132 4136 4137 4144 4149 4153 4162 4173 4175 4185 4189 4207 4225 4231 4240 4241 4239 4258 4278 4275 4276 4298 4307 4309 4319 4332 4334 4335 4340 4345 4352 4360 4358 4367 4376 4381 4377 4380 4394 4415 4422 4423 4436 4439 4451 4455 4475 4480 4489 4493 4508 4506 4519 4553 4551 4559 4563 4562 4571 4573 4584 4582 4592 4600 4601 4605 4611 4608 4617 4622 4634 4653 4657 4677 4694 4698 5375 5374 5404
60 2 273
136 53
0 2 3 5198 5199 4349 4365 4381 4393 4398 4856 4857 4860 4865 4866 4864 4875 4885 4887 4889 4891 4899 4901 4902 4925 4926 4959 4750 4753 4764 4773 4796 4805 4808 4810 4824 4822 4833 4836 4844 4847 4848 4849 4850 4641 4643 4657 4656 4664 4670 4677 4681 4685 4695 4696 4709 4710 4738 4739 4736 4740 4743 4747 4548 4552 4563 4561 4567 4571 4568 4574 4583 4590 4592 4593 4594 4599 4600 4604 4611 4612 4607 4615 4617 4623 4634 4452 4454 4455 4462 4469 4483 4487 4493 4494 4498 4506 4510 4515 4519 4529 4540 5283 5284 5285 5298 5301 5305 5307 5308 5310 4334 4335 4378 4382 4383 4394 4404 4415 4422 4431 4221 4226 4231 4238 4246 4250 4260 4263 4271 4275 4276 4279 4286 4290 4301 4310 4317 4325 4332 4099 4100 4103 4106 4114 4120 4125 4127 4132 4136 4138 4142 4150 4146 4148 4157 4164 4167 4185 4191 4193 4194 4198 4205 3967 3968 3969 3975 3987 3992 3993 3994 3995 4023 4042 4045 4048 4054 4064 4069 4071 4074 4080 4081 4085 4088 3851 3857 3884 3890 3886 3888 3895 3912 3909 3919 3920 3925 3928 3930 3931 3941 3938 3939 3945 3948 3951 3953 3960 3965 3984 3990 3997 4010 4019 4026 4033 4038 4044 4050 4052 4059 4060 4067 4068 4078 4086 5221 5234 5241 5253 5257 5266 5340 3491 3388 3200 3242 3015 3067 2595 2406 1165 1061 1071 1090 1095 1101 1114 669 671 774 336 234 241 246 263 277 300 1860 1866 1879 1719 1574 1693 1480 1535 2097 2332 2349 5372 5371 5404
61 3 64
160 138 195
0 3 2 3430 3576 3669 4867 4910 4926 4944 5375 5227 1762 1607 1189 3167 3175 3184 3195 3196 3199 3214 3218 3222 3229 3238 3260 3262 3265 3277 3285 3283 3155 3164 2962 2970 3027 3019 3073 3076 3080 3089 3096 3106 3107 3109 3111 3122 3150 2977 2988 2991 2992 2998 3002 3017 3034 3036 3043 3058 3055 3030 5374 5404
62 3 118
139 101 54
0 3 2 3511 3512 3851 3866 3890 3918 3919 3762 4153 4179 4494 4504 4584 4612 4836 4902 5123 5128 5194 5253 5263 5286 2332 2346 2399 2437 1950 2019 1842 1840 1847 1869 1889 1895 1899 1708 1721 1726 1741 1777 1819 1563 1574 1586 1595 1608 1639 1645 1652 1689 1428 1441 1469 1477 1483 1517 1535 1551 1313 1361 1364 1374 1392 1415 1168 1174 1234 1061 1085 1102 1108 1125 1128 1134 934 987 537 590 631 637 438 480 524 817 825 873 912 692 695 410 300 220 2568 2605 2647 2784 2798 2858 2865 2875 2884 2892 2895 2923 3261 2997 3000 5371 5353 3648 3445 3314 3367 5372 5404
63 3 179
140 84 77
0 3 2 3214 3274 3324 4002 4055 3857 3866 3928 4291 1991 1297 1298 1303 1300 1305 1313 1315 1316 1381 1384 1153 1159 1163 1167 1165 1169 1172 1176 1183 1186 1194 1195 1204 1211 1216 1212 1227 1231 1233 1234 1241 1248 1252 1264 1270 1044 1043 1053 1055 1057 1059 1065 1070 1085 1086 1083 1092 1089 1104 1108 1116 1123 1128 1135 1136 1137 1139 1144 1149 925 934 936 941 950 955 966 968 969 974 978 979 982 980 987 990 995 999 1000 1001 1012 1018 1022 1023 1029 1035 785 792 798 804 814 817 818 822 830 837 833 849 859 867 873 876 881 883 880 898 904 909 915 670 685 769 777 575 639 640 452 510 1586 1630 1639 1696 1769 1829 1842 1434 1446 1469 1518 1551 2069 2077 2136 2191 2530 2562 2584 2666 2683 2685 2769 2773 2825 2844 2874 2897 2920 2929 2398 2405 2234 2286 416 255 279 285 4506 4847 4929 4949 5371 3815 3820 3000 3055 5372 5404
64 3 160
108 141 62
0 3 2 4208 4250 4341 4466 4536 664 1153 1185 1227 1235 1248 1261 1264 1284 1297 1301 1313 1176 1182 1183 1237 1239 1242 1257 1280 1287 1290 1044 1041 1042 1046 1048 1050 1059 1058 1065 1075 1076 1085 1090 1083 1089 1095 1099 1112 1108 1115 1120 1128 1129 1135 1136 1139 1142 1149 925 926 931 934 952 960 968 972 978 980 983 985 986 987 993 1004 1000 1006 1014 1021 1028 1037 817 818 832 835 841 847 862 864 866 875 877 878 904 686 777 362 255 809 821 825 838 859 860 865 870 873 884 897 898 913 1458 1476 1521 1586 1591 1726 1761 1771 1777 1819 1829 1860 1916 1932 1950 1976 2422 2437 2530 2544 2549 2559 3052 3147 2994 3164 3261 3272 3310 3340 3375 3477 3488 3493 5253 5371 3820 3847 3866 3907 4053 4064 4080 3551 2899 2929 2940 2959 5374 5404
65 2 145
45 143
0 2 3 226 227 229 233 236 248 276 277 283 282 293 295 356 438 503 571 668 685 817 898 1022 1048 1090 1127 1128 1136 1153 1208 1227 1242 1316 1332 1375 1451 1474 1521 1638 1647 1651 1678 1708 1745 1773 1798 1842 1854 1859 1878 1931 2997 2999 2996 3041 3064 3083 3149 3152 4362 4688 4704 4701 4729 4730 4736 4740 4745 4754 4767 4779 4796 4800 4813 4810 4816 4831 4833 4841 4844 4846 4851 4850 4853 4854 4856 4859 4857 4866 4867 4870 4875 4881 4882 4888 4889 4891 4894 4895 4899 4902 4904 4905 4909 4908 4912 4924 4922 4926 4928 4937 4946 4943 4947 4950 4948 4953 4962 4970 4984 4988 5002 5010 5011 5025 5028 5037 5045 5048 5049 5058 5059 5064 5080 5089 5098 5100 5096 5097 5102 5370 3164 5374 5404
66 3 123
144 85 95
0 2 3 5128 873 883 983 987 1560 1676 1435 1441 1445 1449 1454 1455 1453 1481 1486 1491 1497 1504 1507 1508 1521 1531 1529 1538 1541 1546 1549 1294 1291 1310 1312 1316 1319 1338 1335 1340 1357 1364 1365 1390 1395 1402 1410 1411 1413 1414 1422 1420 1152 1153 1160 1166 1176 1183 1220 1227 1239 1257 1260 1261 1267 1270 1282 1287 1059 1064 1065 1066 1085 1087 1093 1089 1100 1103 1128 1129 1133 1135 1136 1139 1696 1719 1716 2393 2651 2683 2754 2807 2850 2895 2925 2124 2128 2178 2265 331 336 428 255 280 278 282 207 472 4730 4877 4874 4921 5314 5371 4291 4023 4037 4075 3809 3461 3284 5373 5404
67 3 125
113 145 60
0 3 2 3960 216 1754 1812 1847 1960 1560 1562 1568 1569 1576 1582 1586 1600 1608 1620 1621 1622 1625 1637 1638 1639 1436 1439 1443 1444 1440 1446 1450 1453 1466 1474 1475 1476 1480 1491 1500 1497 1510 1511 1517 1514 1515 1525 1530 1534 1537 1541 1538 1539 1548 1552 1546 1549 1550 1558 1041 1070 1071 1091 1095 1101 1108 1128 1134 925 963 978 790 817 873 668 356 239 242 255 282 300 322 588 609 1168 1171 1186 1205 1206 1210 1224 1227 1237 1248 1263 1323 1341 1350 1364 1365 1383 1386 1390 1397 1402 1398 1399 1400 1405 1408 1409 1412 1414 1417 1418 1422 1420 2596 3173 4947 5371 2925 2929 5372 5404
68 2 142
137 162
0 3 2 4037 4095 4097 4147 4158 4191 4088 3853 3857 3886 3903 4907 4908 4911 4912 4914 4919 4928 4931 4937 4938 4939 4944 4945 4946 4951 4955 4977 4985 4993 4997 4995 5002 5000 5011 5012 5013 5018 5023 5025 5028 5037 5046 5058 5068 5080 5093 5096 5273 4398 4494 4822 4852 4904 4909 4916 4920 4921 4926 4943 4947 4948 4952 4962 4968 4969 5375 3594 3672 3491 3324 3364 3365 3164 2738 2528 2559 2619 2648 2654 2386 2223 2353 1564 1645 1654 1712 1734 1777 1786 1802 1807 1813 1862 1870 1910 1919 1466 1476 1487 1532 1061 1073 1121 1128 926 865 864 902 1172 1185 1227 1237 1281 1364 1369 1415 100 108 109 113 138 162 184 38 59 61 71 85 99 320 400 2028 2033 2075 2897 2901 5372 5404
69 2 166
41 165
0 3 5011 4567 3453 3479 3487 3507 3306 3327 3181 3193 2549 1563 1591 1587 1604 1694 1425 1429 1474 1471 1487 1507 1531 1535 1541 1545 1301 1299 1316 1317 1319 1336 1354 1374 1378 1397 1406 1151 1160 1169 1178 1196 1198 1205 1206 1223 1242 1275 1041 1045 1048 1061 1064 1085 1086 1083 1090 1099 1103 1104 1109 1119 1125 1126 1129 1132 1149 918 921 987 993 999 1011 1018 1025 1022 1034 790 793 795 815 822 854 877 890 901 668 670 685 698 545 562 589 609 625 637 438 445 457 477 500 503 519 331 398 423 233 240 246 250 255 258 270 271 276 277 278 284 296 293 306 310 318 324 325 207 210 211 224 229 230 1158 1168 1201 1215 1219 1234 1248 1261 1285 1862 1883 1889 1898 1915 1706 1760 1770 1777 1805 3083 2858 2683 4037 4053 4088 4341 4452 4761 4822 4944 5375 5370 5404
70 2 71
32 171
0 2 3 4999 5032 5038 5065 5076 5080 5089 5091 5002 5011 5047 5137 5141 5161 5179 5189 3851 3890 1331 1450 1453 1491 1586 1670 1159 1178 1240 1241 1259 1263 1070 1097 1099 983 1012 357 427 239 255 284 312 229 108 139 166 179 185 21 25 40 45 53 50 69 82 85 97 1782 1795 1830 2925 5369 3655 3261 4183 4930 5375 5404
71 2 142
12 175
0 3 2 1828 1859 1751 1777 1577 1632 1455 1469 1535 1316 1336 1350 1390 1168 1206 1120 107 144 38 49 70 235 246 258 289 293 356 359 2903 2925 2940 2942 2953 2722 2984 2988 3002 3014 3076 3080 3103 3119 3009 3011 3013 3016 3024 3030 3168 3205 3211 3218 3242 3248 3269 3274 3289 3296 3303 3315 3321 3336 3380 3395 3400 3436 3492 3607 3808 3814 3851 3874 3905 3907 3947 3954 4002 4026 4052 4057 4086 4095 4116 4149 4159 4191 4196 4228 4238 4325 4404 4436 4445 4462 4467 4466 4502 4508 4531 4545 4551 4703 4782 4784 4809 4846 4847 4854 4866 4867 4864 4877 4886 4887 4891 4914 4923 4927 4933 4944 4954 4967 4970 5002 5000 5003 5008 5011 5017 5025 5032 5080 5128 5222 5375 2654 2666 5369 5404
