38
0 2 25
0 15
0 490 467 513 375 377 453 357 336 335 328 326 305 301 297 226 561 560 132 113 105 95 78 8 576
1 2 37
1 2
0 479 524 531 519 518 536 537 553 369 376 495 422 435 453 450 341 326 289 290 292 296 297 283 244 213 149 159 163 123 81 84 71 55 560 561 576
2 2 38
58 3
0 523 531 542 572 560 561 555 98 96 107 77 8 40 28 161 163 121 133 137 213 232 278 298 306 313 323 359 365 363 453 428 427 514 501 473 476 576
3 1 37
4
0 481 470 460 442 457 455 453 434 414 383 299 313 331 307 306 561 560 557 189 194 149 126 8 571 566 548 541 552 534 372 513 516 520 523 531 576
4 1 40
5
0 493 523 532 545 543 542 548 552 536 534 533 426 460 459 442 437 435 422 431 391 389 345 310 324 323 322 316 303 305 272 255 232 562 561 82 100 98 157 576
5 2 43
36 6
0 476 473 480 479 504 502 501 510 514 498 497 495 489 461 419 380 378 376 374 371 533 552 543 529 531 519 520 523 527 493 560 561 556 170 214 243 297 290 328 76 157 576
6 1 40
7
0 492 530 523 518 517 533 515 512 511 467 431 433 455 384 339 342 343 346 348 349 288 301 295 296 297 242 243 210 212 197 555 561 560 58 46 77 78 158 576
7 1 36
10
0 492 512 513 498 497 515 518 523 532 531 529 560 561 556 559 575 16 9 66 76 92 107 156 357 341 317 295 292 289 307 392 467 482 476 576
8 3 35
11 60 61
0 560 561 556 557 558 575 72 8 78 104 132 136 215 251 243 246 247 298 301 305 332 313 361 353 373 517 518 519 529 542 467 487 459 576
9 3 34
32 12 21
0 493 504 480 467 485 487 489 428 497 518 534 552 543 546 377 388 385 384 341 323 298 299 244 246 231 224 221 557 560 8 82 86 576
10 1 23
13
0 478 566 571 529 532 523 520 467 459 429 365 298 213 561 84 58 5 6 8 9 24 576
11 2 30
52 14
0 476 474 481 493 527 525 523 531 543 548 549 537 533 513 497 496 453 415 389 378 343 243 252 156 56 557 561 574 576
12 4 35
64 24 19 9
0 560 561 556 555 168 130 119 163 4 9 258 326 298 357 566 568 548 529 523 508 510 512 516 534 374 375 401 408 422 433 437 439 454 576
13 2 43
20 37
0 36 29 9 8 63 64 87 85 98 97 101 189 193 213 252 287 331 348 335 341 340 365 430 428 496 498 511 510 504 506 525 519 518 515 533 541 543 571 574 560 561 576
14 1 33
22
0 482 483 468 467 497 509 493 526 523 521 542 552 536 535 534 367 362 385 337 336 334 312 272 255 231 561 560 556 119 76 75 576
15 1 31
23
0 501 511 428 426 440 454 418 417 446 341 343 298 303 252 561 40 45 63 78 88 82 102 99 98 95 367 376 521 493 576
16 2 29
25 63
0 473 566 542 523 519 495 461 454 453 447 388 533 354 306 305 158 162 163 126 117 112 80 70 575 556 561 560 576
17 1 37
26
0 473 506 501 497 461 459 392 330 332 343 339 341 361 445 315 316 292 251 172 125 133 159 92 76 74 575 560 561 548 530 531 521 523 493 492 576
18 1 25
29
0 492 493 571 560 561 556 237 56 107 454 383 376 377 301 296 297 323 331 350 552 548 532 510 576
19 2 32
34 54
0 477 478 507 525 532 546 549 552 353 363 358 360 316 315 444 446 455 458 459 460 514 1 96 103 99 178 179 558 561 560 576
20 1 33
35
0 507 499 465 433 434 436 379 342 313 309 220 214 210 156 162 163 3 63 97 99 575 560 561 332 400 516 534 541 531 523 525 576
21 2 34
38 30
0 482 467 465 459 456 453 131 6 9 560 561 557 198 228 265 266 267 270 271 272 322 365 533 515 517 521 525 545 541 507 511 492 576
22 2 42
40 47
0 504 503 501 499 495 484 467 434 414 365 359 342 313 330 289 243 232 9 8 146 130 128 182 557 561 560 545 543 541 540 552 537 536 515 517 518 521 532 529 565 576
23 2 26
42 27
0 469 467 456 455 562 561 560 575 158 162 163 133 180 178 233 231 296 345 332 369 534 519 566 490 576
24 2 37
33 43
0 492 567 562 561 560 556 184 286 326 313 297 300 444 357 367 351 515 517 518 521 523 530 507 511 513 499 506 479 481 483 443 429 421 95 161 576
25 3 34
48 67 39
0 477 476 512 507 523 520 519 518 516 460 454 552 372 384 445 321 324 223 224 196 149 158 161 131 121 107 80 8 575 557 561 560 576
26 2 36
49 46
0 289 253 201 556 561 54 74 8 95 97 125 180 191 196 194 245 317 362 445 417 454 455 426 484 512 529 532 523 519 518 396 391 376 537 576
27 2 27
50 45
0 531 518 517 355 365 360 444 293 304 286 270 284 281 277 228 130 131 158 162 8 66 559 555 561 560 576
28 1 23
51
0 523 521 458 455 423 534 552 328 311 312 293 279 275 278 191 206 561 560 37 163 162 576
29 2 38
16 55
0 500 498 511 507 527 529 542 539 552 553 520 518 515 389 330 328 307 300 298 281 341 455 560 561 201 556 558 575 54 8 77 107 98 127 160 157 576
30 2 31
8 56
0 476 480 487 495 513 514 518 520 533 539 305 293 295 300 204 176 178 561 556 102 105 97 98 67 8 161 157 439 452 576
31 1 30
57
0 479 499 461 516 520 350 312 362 342 298 192 190 102 98 85 87 66 65 8 163 121 124 132 561 560 539 527 493 576
32 1 25
59
0 481 470 467 486 351 313 307 306 301 298 243 131 88 70 561 541 534 518 519 523 530 493 492 576
33 1 23
62
0 473 497 381 444 207 232 230 283 298 303 305 288 326 328 534 523 526 568 560 561 160 576
34 6 46
65 44 18 53 28 31
0 490 491 493 567 572 560 561 374 366 444 340 318 326 289 273 265 232 191 205 39 9 8 78 130 132 135 163 162 154 479 539 541 530 531 525 523 521 516 515 498 496 458 455 433 576
35 2 26
41 66
0 507 523 370 329 311 270 306 293 338 359 456 149 158 121 132 126 128 67 575 560 561 201 215 206 576
36 2 35
68 69
0 493 564 548 529 530 531 523 518 517 533 390 350 329 285 291 296 341 444 456 425 499 158 8 48 66 98 97 96 104 556 560 561 203 576
37 2 31
17 70
0 493 572 573 561 558 557 556 132 134 135 8 58 552 535 533 520 517 514 489 486 462 431 340 301 293 291 305 312 257 576
