80
0 1 7
0
0 47 75 520 77 78 582
1 1 6
1
0 58 46 41 40 582
2 1 11
2
0 61 63 62 58 40 526 77 78 79 582
3 1 43
3
0 134 131 163 155 182 177 175 176 179 183 467 469 476 493 449 451 453 190 195 193 191 232 226 219 225 420 424 431 395 396 406 414 415 383 385 390 346 359 360 101 89 582
4 1 17
4
0 279 268 266 300 344 334 332 311 313 314 316 318 327 529 535 582
5 1 10
5
0 306 332 314 534 541 543 554 570 582
6 1 11
6
0 57 61 62 60 44 36 520 77 78 582
7 1 21
7
0 130 172 168 204 191 418 377 389 353 436 432 429 431 481 494 495 497 89 86 582
8 1 31
8
0 125 134 137 129 160 164 171 175 186 190 231 379 380 365 352 347 394 428 427 435 449 451 473 483 485 493 495 497 112 582
9 1 8
9
0 78 77 563 530 393 81 582
10 1 25
10
0 286 272 268 264 265 300 345 333 331 313 327 329 393 530 538 539 543 549 548 552 561 573 574 582
11 1 4
11
0 78 567 582
12 1 10
12
0 39 52 513 155 162 78 77 81 582
13 1 17
13
0 277 344 342 334 333 315 318 329 529 530 544 549 559 561 571 582
14 1 29
14
0 102 132 203 204 190 465 504 503 501 497 491 489 476 440 444 427 430 394 398 411 413 415 374 389 346 361 89 582
15 1 9
15
0 78 564 533 397 304 63 81 582
16 1 44
16
0 106 104 95 502 492 478 477 475 474 464 461 459 453 451 443 436 434 432 428 426 421 413 401 399 397 396 394 388 381 382 380 367 339 189 182 180 172 170 167 211 213 212 582
17 1 5
17
0 78 77 262 582
18 1 7
18
0 61 54 507 77 78 582
19 1 25
19
0 573 546 544 538 539 535 534 530 529 324 322 323 321 320 318 333 311 310 337 340 345 302 301 582
20 1 10
20
0 164 34 46 50 54 59 77 78 582
21 1 10
21
0 81 77 78 560 530 546 262 293 582
22 1 5
22
0 78 77 345 582
23 1 42
23
0 137 133 131 171 175 177 168 247 213 232 193 148 503 498 496 488 485 440 444 451 445 394 347 397 402 406 413 374 424 426 438 479 475 471 467 100 92 90 89 84 582
24 1 39
24
0 261 281 278 297 291 275 273 271 262 301 302 304 345 344 342 306 309 337 331 314 316 318 320 322 323 330 530 567 536 539 541 543 540 544 546 573 581 582
25 1 7
25
0 78 557 559 530 81 582
26 1 17
26
0 55 61 54 48 36 34 32 8 528 525 506 507 216 77 78 582
27 1 7
27
0 78 77 530 262 261 582
28 1 30
28
0 286 285 293 278 262 300 303 344 342 306 337 333 332 331 313 314 315 318 321 322 529 530 537 544 536 566 561 570 582
29 1 13
29
0 68 67 69 76 526 520 513 223 78 77 81 582
30 1 10
30
0 133 528 393 530 11 13 78 81 582
31 1 53
31
0 104 139 143 502 492 488 485 481 476 477 475 471 467 460 461 459 455 454 449 444 442 440 434 431 430 427 426 424 418 406 402 398 394 346 347 336 381 235 194 192 190 157 159 173 172 170 205 211 213 212 250 582
32 1 36
32
0 573 572 570 557 554 555 544 567 566 530 529 393 327 324 320 318 314 312 331 332 333 334 336 309 307 339 343 305 300 265 269 268 262 298 582
33 1 6
33
0 275 458 529 78 582
34 1 7
34
0 77 559 32 70 78 582
35 1 9
35
0 278 262 303 304 336 314 529 582
36 1 34
36
0 573 557 551 549 547 545 543 541 540 534 537 535 530 529 532 393 324 321 319 318 317 313 331 332 335 310 309 339 340 303 301 294 582
37 1 52
37
0 86 106 100 111 115 112 153 151 192 200 203 175 173 207 211 213 247 240 233 375 377 385 389 390 359 347 402 400 398 394 436 442 449 450 452 453 455 454 456 457 461 465 467 468 475 477 476 489 491 493 582
38 1 22
38
0 99 507 509 521 528 26 28 33 35 44 45 47 48 50 52 54 58 78 77 81 582
39 1 9
39
0 77 544 567 494 277 32 78 582
40 1 3
40
0 78 582
41 1 22
41
0 295 267 303 334 333 314 318 321 325 393 529 530 548 544 536 534 565 563 559 558 582
42 1 6
42
0 78 77 80 81 582
43 1 6
43
0 78 77 560 547 582
44 1 33
44
0 295 275 269 270 268 266 264 265 300 303 305 337 336 335 334 332 317 318 319 320 322 328 330 393 535 534 539 544 550 559 570 582
45 1 6
45
0 297 78 77 81 582
46 1 9
46
0 46 75 1 528 78 77 81 582
47 1 11
47
0 63 75 33 39 44 46 49 52 78 582
48 1 29
48
0 573 559 548 546 539 534 535 393 329 325 322 321 318 317 314 313 332 334 335 336 337 308 305 344 345 262 277 582
49 1 3
49
0 333 582
50 1 11
50
0 78 77 570 534 535 528 328 310 345 582
51 1 10
51
0 53 55 50 525 78 77 80 81 582
52 1 5
52
0 300 334 314 582
53 1 20
53
0 53 54 76 535 537 536 538 546 573 520 328 318 314 313 334 342 344 78 582
54 1 13
54
0 77 573 572 561 548 546 529 337 216 55 78 582
55 1 37
55
0 49 51 54 64 61 554 550 548 544 540 536 534 539 537 535 393 330 329 326 324 318 316 314 313 331 332 333 337 342 274 278 282 287 77 78 582
56 1 15
56
0 54 560 559 540 534 441 322 314 333 307 345 77 78 582
57 1 25
57
0 565 502 193 195 198 208 222 424 408 382 303 305 307 309 334 332 317 319 320 324 327 58 78 582
58 1 19
58
0 77 78 88 87 104 100 96 93 496 483 454 453 441 312 52 559 576 582
59 1 29
59
0 84 546 534 535 434 432 429 427 421 419 457 465 473 148 189 224 266 268 307 334 331 313 317 319 324 327 78 582
60 1 24
60
0 78 87 420 354 359 344 341 334 333 312 331 323 328 23 63 536 547 552 554 574 575 576 582
61 1 20
61
0 173 496 467 476 479 449 431 411 388 318 311 333 337 300 44 72 69 55 582
62 1 6
62
0 55 415 372 342 582
63 1 25
63
0 78 89 175 170 274 275 295 298 262 375 302 304 336 334 332 324 487 535 534 550 555 100 110 582
64 1 22
64
0 50 38 70 61 550 548 541 329 314 306 342 345 301 376 426 470 190 175 158 131 582
65 1 25
65
0 26 495 504 513 163 201 206 297 263 267 362 342 333 331 318 431 482 529 530 542 574 77 78 582
66 1 13
66
0 207 209 213 162 156 186 188 372 429 394 57 582
67 1 4
67
0 529 530 582
68 1 6
68
0 61 232 406 395 582
69 1 18
69
0 157 151 492 347 349 357 359 361 356 358 360 362 366 55 77 81 582
70 1 24
70
0 205 209 227 228 231 233 232 195 193 189 454 453 449 494 483 396 332 337 35 64 62 61 582
71 1 17
71
0 78 573 551 547 543 541 529 318 308 197 175 38 77 80 82 582
72 1 13
72
0 76 59 55 469 232 306 389 441 530 544 559 582
73 1 8
73
0 124 114 233 479 333 305 582
74 1 33
74
0 17 41 76 547 536 530 490 478 394 435 436 434 431 426 415 455 213 287 276 275 267 345 386 387 318 324 328 78 77 572 576 582
75 1 27
75
0 513 499 501 467 477 449 435 428 372 406 332 333 337 318 320 330 50 46 44 31 75 535 534 561 554 582
76 1 27
76
0 103 537 534 451 457 461 197 370 373 267 274 298 300 345 336 334 332 397 398 401 34 32 59 78 82 582
77 1 54
77
0 59 69 36 44 52 93 153 463 192 224 217 212 168 167 287 277 274 262 345 343 309 333 313 315 316 317 319 326 349 357 383 236 418 424 426 428 432 401 398 444 477 489 496 536 537 539 541 544 570 572 581 86 582
78 1 26
78
0 77 556 536 534 535 487 527 519 513 186 168 188 449 331 332 337 309 1 37 76 55 78 86 581 582
79 1 19
79
0 55 44 536 542 329 330 318 316 314 332 336 306 410 189 177 172 170 582
