36
0 3 121
0 80 55
0 2 3 4773 3445 3449 4144 4172 3708 5329 3936 5399 5397 1125 277 2061 2060 2069 2074 2072 2083 2095 2101 2104 2105 2111 2114 2120 2123 2129 2130 2138 2139 2134 2142 2143 2147 2162 2164 2170 2174 2173 2178 2180 2181 2183 2184 1933 1950 1954 1963 1967 1972 1973 1990 1994 1996 1997 2015 2021 2017 2039 2041 2046 1827 1828 1829 1831 1838 1842 1854 1861 1863 1866 1885 1887 1894 1908 1915 1917 1921 1923 1924 1928 1930 1927 1931 1705 1712 1720 1721 1722 1723 1734 1736 1748 1754 1751 1757 1779 1786 1778 1789 1795 1801 1802 1805 1814 1815 1619 1629 1636 1659 1668 1678 2279 2740 2549 3197 5402 5404
1 2 208
1 60
0 3 2 2058 2064 2069 2075 2083 2080 2084 2086 2094 2103 2104 2105 2115 2120 2121 2151 2150 2162 2172 2176 2194 2206 2214 2216 2224 2226 2236 2234 2253 2275 2288 2293 2298 2304 2310 2307 2320 2324 2332 2337 2341 2348 2353 2350 2352 2359 2363 2364 2372 2377 2383 2380 2390 2387 2396 2408 2414 2429 2430 2432 2433 2434 2443 2455 2462 2454 2466 2474 2478 2477 2494 2501 1706 1703 1704 1705 1708 1713 1720 1722 1723 1725 1744 1745 1748 1750 1751 1757 1777 1782 1786 1783 1788 1793 1794 1795 1799 1805 1797 1803 1808 1813 1819 1560 1567 1573 1574 1581 1592 1617 1634 1638 1639 1644 1647 1678 1436 1453 1498 1516 1535 1534 1549 1551 1294 1318 1316 1323 1331 1342 1354 1375 1402 1153 1157 1163 1200 1227 1239 1246 1262 1260 1046 1064 1081 1085 1083 1105 1112 1115 1128 1133 1136 1147 921 926 928 936 949 962 965 967 974 976 984 1002 1017 1018 1025 1023 1831 1832 1839 1838 1842 1849 1855 1857 1877 1874 1882 1887 1886 1898 1915 1918 1923 1939 1945 1954 1963 1967 1984 1990 1991 2011 2016 2015 2022 2032 2039 2037 5398 5402 5404
2 2 138
3 11
0 2 201 210 215 219 218 221 231 236 241 243 247 248 250 255 258 259 262 261 272 271 275 274 278 283 284 282 285 289 291 292 296 297 293 295 302 303 307 309 306 314 331 336 350 354 356 359 357 373 389 391 400 404 438 457 470 466 510 522 529 549 558 573 581 600 728 733 765 767 777 785 795 817 823 833 844 853 857 867 873 883 889 902 925 927 936 942 960 964 984 995 1025 1041 1044 1048 1053 1054 1064 1070 1085 1088 1091 1111 1112 1123 3155 3160 3162 3163 3058 3059 3073 3080 3081 3106 3103 3118 3128 3130 3127 3131 3138 2979 2997 2998 3016 2973 2978 2989 3002 3056 3054 3030 3029 3034 5399 5404
3 2 89
76 4
0 3 2 2357 5341 5355 5156 5160 5402 2212 2224 2238 2292 2300 2328 2331 2341 2352 2091 2098 2122 2134 2188 2193 1500 1507 1517 1516 1520 1524 1541 1544 1545 1548 1552 1549 1828 1829 1846 1855 1857 1866 1905 1926 1702 1703 1709 1715 1729 1731 1743 1746 1779 1786 1799 1806 1819 1816 1565 1566 1576 1577 1585 1588 1595 1594 1604 1610 1612 1631 1640 1641 1642 1645 1646 1644 1649 1658 1661 1656 1657 1678 1695 1940 1954 1960 1968 5399 5404
4 2 203
5 62
0 3 2 3427 3461 3468 3487 3497 3501 3503 3509 3535 3540 3566 3572 3574 3586 3605 3634 3660 3665 3672 3679 3409 3477 3492 3499 3297 3364 5399 5103 5106 5110 5114 4978 5002 5018 5024 5025 5030 5032 5047 3874 3884 3885 3946 3685 3727 3791 3819 3823 1940 1941 1953 1957 1959 1962 1970 1971 1979 1981 1821 1826 1838 1846 1848 1853 1857 1855 1856 1861 1869 1874 1881 1889 1895 1898 1901 1905 1904 1910 1915 1917 1923 1924 1926 1927 1931 1699 1697 1703 1710 1714 1715 1716 1718 1720 1723 1726 1729 1734 1735 1730 1731 1732 1738 1742 1745 1747 1751 1769 1773 1779 1780 1781 1777 1784 1789 1793 1794 1795 1800 1805 1806 1811 1812 1815 1619 1624 1621 1634 1635 1636 1639 1641 1642 1645 1646 1656 1663 1664 1666 1674 1677 1678 1933 1950 1951 1954 1976 3189 3197 3214 3236 3265 3279 3277 4335 4362 4384 4405 4424 4450 4466 4500 4505 4522 4531 4554 4581 4586 4866 4891 4905 4909 4911 4948 4954 4968 4802 4831 4728 4743 5124 4017 4026 4089 4162 4185 4202 4201 4212 4228 4270 4284 4300 4326 5137 5141 5148 5151 5402 5404
5 2 130
8 53
0 2 4247 198 199 204 205 208 211 247 250 255 258 261 271 274 277 283 284 282 285 292 296 293 314 317 318 319 316 325 330 331 332 336 340 351 357 356 359 373 389 397 400 398 411 420 436 457 459 464 477 480 509 510 523 528 531 529 573 594 607 608 626 647 661 668 698 716 728 746 765 769 775 774 782 817 847 877 923 937 950 969 978 1005 1015 1031 1059 1085 1087 1088 1105 1111 1108 1128 1135 1136 1152 3016 2836 2842 2848 2853 2859 2868 2870 2871 2876 2877 2874 2880 2882 2884 2886 2896 2898 2895 2915 2917 2919 2927 2931 2924 2934 2940 2944 2942 2953 5397 5400 5404
6 2 212
9 63
0 3 2 216 222 2031 1828 1848 1856 1857 1883 1899 1905 1910 1917 1927 1430 1434 1450 1453 1463 1470 1471 1500 1502 1507 1512 1513 1534 1541 1549 1557 1292 1301 1303 1300 1315 1371 1388 1399 1404 1156 1158 1154 1159 1168 1170 1176 1181 1183 1184 1194 1196 1206 1207 1211 1223 1227 1230 1231 1237 1239 1234 1236 1246 1247 1248 1249 1258 1276 1283 1286 1041 1043 1053 1058 1064 1070 1067 1069 1076 1077 1080 1079 1086 1090 1097 1102 1103 1104 1112 1116 1114 1126 1127 1128 1137 1140 1148 919 923 926 931 950 952 965 967 968 974 980 984 990 987 995 1003 1000 1005 1008 1018 1024 1035 785 795 802 817 833 838 841 851 866 872 873 879 883 892 888 890 891 894 901 902 900 915 668 670 685 686 721 719 724 742 743 764 773 553 608 615 612 619 622 630 625 626 632 634 640 648 650 653 659 231 240 242 248 255 258 272 292 293 312 359 438 458 1569 1574 1617 1622 1627 1647 1651 1667 1678 1676 1699 1700 1744 1761 1780 1805 1814 1816 2069 2080 2255 2332 2379 2432 2526 2605 5401 5402 5404
7 2 264
10 6
0 2 3714 3740 3771 3554 3566 3604 3608 3618 3631 3652 3679 3167 3195 3199 3206 3219 3229 3239 3252 3285 3153 2210 2212 2217 2218 2219 2223 2242 2266 2280 2287 2294 2296 2297 2320 2327 2331 2350 2074 2075 2079 2080 2086 2091 2095 2098 2099 2104 2109 2110 2111 2121 2122 2124 2130 2133 2139 2146 2151 2161 2162 2169 2174 2170 2177 2178 2181 2182 2192 2194 2195 1989 1999 2005 2009 2013 2020 2021 2028 2031 2033 2039 2046 2050 2054 2994 3041 2969 3048 3080 3099 3104 3096 3108 3120 3129 3147 2202 2209 2238 2239 2253 2255 2260 2292 2305 2307 2328 2337 2346 2347 2353 2355 2356 2359 2365 2364 2370 2377 2379 2380 2386 2390 2388 2402 2405 2408 2413 2414 2412 2417 2418 2422 4467 4475 4483 4484 4500 4553 4551 4557 4561 4570 4571 4573 4574 4584 4589 4601 4602 4641 4642 4657 4656 4675 4689 4691 4703 4728 4730 4734 4743 4744 4754 4779 4793 4806 4803 4810 4824 4821 4827 4831 4835 4833 4836 4217 4231 4238 4247 4250 4256 4267 4275 4295 4320 4093 4095 4098 4107 4106 4151 4152 4157 4158 4183 4180 4185 4195 4201 3963 3986 3990 3993 4012 4019 4027 4061 4071 4086 4088 3863 3895 3912 3909 3940 3946 3945 3402 3409 3410 3420 3423 3433 3445 3442 3443 3451 3481 3489 3528 3289 3296 3297 3311 3315 3321 3348 3353 3381 3379 3383 3389 3716 3732 3738 3745 3812 3814 3835 4335 4339 4341 4360 4368 4392 4394 4409 4415 4431 5399 5404
8 2 150
13 37
0 2 3048 3054 3059 3081 3083 3085 3089 3096 3112 3119 3121 3122 3283 3157 3162 3163 3164 3175 3183 3195 3188 3193 3201 3205 3214 3218 3227 3230 3238 3239 3245 3248 3258 3259 3272 3279 3277 3286 3290 3311 3313 3318 3319 3321 3328 3333 3344 3347 3349 3350 3355 3362 3372 3400 3403 3421 3444 3467 3464 3472 3497 3501 3520 3524 3535 3539 3544 3553 3557 3563 3567 3579 3580 3590 373 255 2185 2193 2198 2212 2215 2256 2260 2261 2262 2263 2266 2276 2280 2281 2294 2285 2290 2291 2298 2310 2320 2332 2337 2348 2349 2350 2362 2364 2359 2366 2376 2379 2386 2387 2398 2396 2411 2408 2414 2428 2427 2432 2441 2452 2457 2462 2464 2465 2466 2476 2478 2485 2484 2496 2502 2517 2518 2530 2529 2534 2538 2545 2549 2553 2570 2567 2568 2572 2579 2649 5397 5404
9 2 263
2 14
0 2 196 199 201 204 214 220 219 228 230 231 232 234 237 240 241 247 248 250 255 260 258 259 264 272 273 271 275 274 277 283 281 282 286 287 292 296 293 298 300 304 307 308 306 314 318 316 322 324 331 332 334 336 347 354 356 351 357 359 366 391 397 398 400 404 421 422 427 456 470 522 643 668 679 685 765 793 817 873 877 901 925 926 959 1004 4225 4228 4229 4233 4231 4248 4246 4247 4249 4250 4258 4262 4263 4266 4272 4273 4279 4275 4276 4089 4102 4103 4107 4108 4111 4116 4122 4129 4132 4134 4136 4137 4146 4152 4157 4159 4173 4175 4179 4189 4191 4199 4201 4203 4205 4207 3960 3965 3979 3983 3987 3998 3999 3995 4010 4012 4013 4019 4024 4028 4026 4038 4045 4050 4055 4056 4062 4058 4069 4070 4066 4067 4072 4086 4088 3845 3856 3857 3863 3864 3869 3870 3874 3880 3877 3879 3885 3895 3902 3909 3919 3920 3930 3929 3931 3937 3939 3943 3688 3693 3690 3707 3726 3728 3735 3733 3745 3746 3764 3771 3769 3776 3777 3786 3795 3797 3805 3802 3832 3833 3551 3553 3554 3557 3567 3572 3573 3570 3582 3587 3583 3584 3585 3591 3590 3616 3619 3621 3654 3665 3677 3404 3411 3412 3429 3433 3434 3446 3462 3467 3481 3485 3491 3492 3499 3511 3512 3520 3535 3539 3296 3315 3323 3338 3336 3349 3352 3367 3368 3370 3379 3383 3390 3395 5399 5398 5404
10 2 219
41 17
0 2 4279 4286 4292 4291 4296 4300 4307 4318 4321 4334 4363 4369 4368 4376 4377 4380 4386 4401 4406 4405 4418 4419 4415 4421 4429 4436 4449 4451 4467 4474 4475 4487 4489 4493 4494 4497 4498 4503 4506 4535 4533 4537 4545 4546 4559 4566 4567 4568 4573 4574 4580 4593 4595 4607 4608 4612 4613 4619 4621 4631 4632 4634 4647 4651 4652 4657 4658 4655 4662 4670 4674 4681 4684 4685 4690 4702 4704 4706 4720 4723 4748 4757 4759 4767 4768 4775 4772 4778 4792 4788 4795 4800 4804 4808 4809 4812 4824 4826 4829 4834 4831 4836 4842 4844 4843 4850 4857 4864 4868 4869 4874 4885 4891 4894 4898 4899 4900 4897 4904 4905 4913 4915 4928 4930 4939 4945 4943 4950 4948 4963 4969 4983 4985 4988 4989 4994 5000 5012 5025 5037 1086 1090 1095 1100 1102 1103 1109 1117 1115 1128 1135 1144 1147 1150 1153 1159 1172 1179 1193 1194 1196 1205 1206 1215 1220 1235 1306 1310 1316 1319 1330 1331 1332 1333 1334 1356 1361 1364 1389 1394 1414 1429 1462 1472 1506 1517 1519 1520 1525 1529 1541 1538 1540 1545 1550 1561 1564 1566 1574 1617 1152 1156 1162 1166 1167 1174 1176 1182 1217 1242 1250 1274 1287 1290 5398 5397 5404
11 2 178
40 19
0 2 3169 3173 3172 3189 3199 3213 3228 3230 3243 3261 3267 3268 3272 3277 3287 3299 3323 3336 3364 3386 3388 3395 3693 3726 3806 3834 3548 3570 3585 3601 3604 3609 3606 3616 3618 3636 3644 3434 3431 3467 3515 3544 3867 3912 3930 3937 3939 3945 3960 3966 3972 3979 3991 3996 3995 4011 4012 4052 4057 4066 4083 4086 4118 4132 4134 4140 4148 4157 4156 4163 4167 4198 4196 4207 4221 4225 4231 205 210 219 222 226 429 431 435 439 440 436 437 442 457 459 460 465 467 470 477 480 485 486 329 335 336 340 348 350 351 357 356 359 365 366 368 377 383 384 391 392 393 397 399 400 416 420 424 241 238 239 248 252 255 258 259 262 266 264 271 275 274 283 282 292 293 296 297 298 304 314 317 318 2999 3027 3019 3060 3055 3058 3067 3070 3071 3078 3080 3083 3089 3107 3113 3114 3112 3119 3127 3131 3138 3142 3162 5397 5401 5404
12 2 97
23 39
0 2 483 482 477 480 488 489 330 332 336 347 348 349 357 359 369 373 377 393 400 415 422 423 424 240 250 255 260 258 265 270 271 275 274 277 283 284 296 293 304 307 308 312 314 199 210 220 219 227 435 438 446 454 457 455 465 466 472 475 470 3170 3168 3169 3173 3175 3180 3181 3186 3187 3188 3199 3200 3205 3206 3214 3213 3218 3224 3228 3227 3230 3236 3238 3248 3250 3254 3260 3267 3272 3271 3277 3283 3164 5399 5398 5404
13 2 254
24 25
0 2 2378 2406 2408 2443 2478 2486 2493 2511 2527 2530 2551 2561 2569 2567 2590 2599 2616 2649 2668 2714 2715 2716 2727 2724 2731 2763 2768 2783 2791 2806 2818 2824 2844 2851 2853 2863 2896 2898 2904 2895 2903 2925 2930 2935 2936 2940 2955 2953 1584 1680 1686 1707 1717 1757 1764 1878 1900 1920 1925 1235 1243 1328 4837 4844 4845 4847 4850 4208 4221 4222 4231 4236 4237 4266 4275 4310 4334 4335 4344 4341 4350 4357 4359 4366 4381 4384 4382 4397 4212 4217 4230 4233 4240 4242 4254 4261 4286 4292 4298 4300 4312 4099 4100 4097 4114 4121 4120 4125 4126 4124 4136 4153 4162 4173 4175 4179 4187 4193 4205 4203 3965 3968 3972 3973 3980 3984 3986 3982 3987 3991 3996 3992 4001 4012 4019 4022 4024 4029 4030 4036 4055 4064 4059 4060 4067 4071 4074 4075 4077 4078 4082 4085 4088 3843 3851 3852 3857 3859 3854 3862 3869 3874 3875 3879 3884 3890 3904 3911 3909 3923 3926 3927 3930 3932 3940 3943 3946 3945 3688 3720 3730 3727 3728 3737 3767 3776 3778 3780 3786 3788 3789 3796 3820 3553 3571 3583 3585 3601 3616 3618 3632 3635 3639 3651 3659 3660 3663 3677 3675 3679 3684 3404 3420 3432 3433 3442 3446 3459 3467 3479 3481 3477 3483 3503 3507 3508 3515 3528 3289 3298 3302 3323 3324 3326 3338 3336 3341 3344 3355 3360 3370 3374 3375 3377 3384 3387 3393 3398 3394 3395 5399 5404
14 2 285
27 15
0 2 3594 3602 3609 3617 3620 3654 3662 3678 3693 3698 3707 3723 3737 3738 3749 3758 3770 3771 3773 3778 3780 3796 3797 3807 3811 3814 3821 3834 3835 3843 3855 3857 3859 3864 3866 3873 3875 3884 3888 3893 3920 3926 3927 3924 3929 3931 3939 3946 3961 3965 3967 4002 4009 4013 4019 4028 4032 4033 4036 4041 4039 4044 4048 4055 4050 4052 4057 4060 4065 4067 4075 4086 4088 4098 4124 4142 4149 4153 4179 4193 4199 4201 4208 4219 4221 4224 4231 4237 4238 4254 4261 4266 4275 4288 4293 4311 4312 4321 4332 4335 4345 4346 4352 4358 4376 4377 4386 4401 4402 4408 4415 4442 4451 4475 4480 4491 4496 4502 4508 4506 4524 4522 4540 4538 4563 4561 4562 4570 4586 4587 4589 4599 4603 4606 4607 4609 4610 4619 4634 4640 4643 4657 4662 4670 4667 4684 4686 4689 4708 4709 4714 4727 4775 4774 4778 4792 4796 4808 4809 4813 4822 4831 4834 4833 4836 4844 4851 4850 4853 4856 4859 4865 4864 4868 4872 4878 4875 4876 4881 4880 4884 4885 4886 4889 4890 4891 2359 2373 2376 2377 2206 2210 2219 2252 2289 2305 2311 2324 2326 2332 2337 2348 2354 2355 2062 2067 2071 2088 2098 2172 2177 2188 2193 1954 1957 1960 1980 1984 2016 2034 2033 2039 2057 1824 1827 1829 1836 1842 1846 1848 1866 1874 1877 1884 1890 1895 1896 1905 1910 1911 1926 1931 1697 1721 1726 1748 1771 1775 1780 1778 1784 1788 1805 1810 1809 1560 1576 1572 1574 1590 1610 1614 1612 1617 1620 1635 1641 1645 1647 1651 1656 1659 1669 1677 1685 1690 1682 1687 1552 1551 5397 5401 5404
15 3 164
28 70 79
0 3 2 3193 3260 2994 5400 457 4201 4240 5329 5299 5210 5123 5150 5178 4982 4991 5008 3857 3886 3501 3298 3740 3819 3820 3836 2203 2213 2219 2239 2251 2280 2284 2294 2304 2310 2327 2332 2346 2343 2350 2356 2359 2374 2403 2408 1938 1940 1954 1969 1970 1979 1984 2012 2013 2011 2022 2033 1822 1827 1828 1846 1848 1855 1862 1864 1874 1881 1882 1895 1898 1901 1905 1912 1917 1926 1931 1706 1719 1734 1751 1769 1773 1792 1793 1794 1798 1799 1797 1801 1803 1808 1809 1814 1816 1819 1580 1619 1624 1617 1618 1634 1638 1639 1640 1645 1656 1659 1663 1665 1668 1683 1681 1430 1443 1454 1500 1542 1553 1549 1551 1356 983 1045 1092 1101 1188 1234 1255 873 670 668 712 2068 2069 2071 2088 2090 2091 2094 2095 2099 2121 2122 2125 2130 2137 2152 2178 2618 2739 2811 2899 2947 2389 2515 240 255 293 4631 4947 5402 5404
16 2 200
61 30
0 3 2 3426 3427 3446 3449 3457 3461 3468 3471 3481 3487 3491 3497 3528 3540 3589 3590 3595 3601 3605 3628 3634 3644 3351 3352 3367 3369 3375 3379 3383 3389 3392 3167 3203 3214 3218 3224 3225 3250 3256 3261 3277 3156 2674 2737 2741 2763 2775 2815 2518 2530 2538 2553 2567 2594 2596 2618 2634 2641 2649 2665 2666 2386 2439 2468 2202 2210 2223 2234 2277 2311 2322 2331 2332 2337 2077 2095 2155 2192 1975 1834 1837 1838 1844 1854 1866 1878 1904 1910 1915 1917 1914 1926 1927 672 676 679 687 692 689 690 693 694 711 716 720 723 728 733 741 742 748 747 754 762 765 770 777 780 537 539 544 546 554 555 561 562 564 569 570 568 571 574 576 578 579 583 589 599 598 602 607 606 621 623 624 627 628 630 632 634 638 642 644 645 650 664 493 500 507 510 517 522 523 525 527 528 531 532 529 783 790 795 799 804 809 817 821 828 833 2980 3071 3081 3109 3122 3139 3140 3138 2848 2875 2917 2925 2935 2941 2947 5397 5402 5404
17 3 144
73 67 31
0 3 2 3214 5397 2394 2435 1703 1763 1802 1803 1564 1566 1589 1610 1642 1647 1654 1450 1455 1471 1479 1305 1323 1330 1350 1375 1404 1415 919 917 921 926 925 931 940 936 942 943 950 947 948 949 953 955 959 960 962 965 967 969 971 978 980 983 984 988 987 993 995 1005 1012 1007 1009 1017 1014 1022 1024 1044 1045 1048 1053 1051 1052 1054 1059 1058 1063 1064 1081 1090 1097 1101 1102 1112 1110 1119 1125 1165 1241 1833 1908 1915 1817 555 642 445 458 833 835 845 847 849 857 862 864 866 867 873 881 882 878 879 883 884 887 889 894 902 907 911 912 913 916 255 293 300 324 421 668 2069 2124 2683 4967 4739 4600 3993 5327 4201 3430 5211 5253 5402 5404
18 2 177
32 57
0 3 2 210 917 927 934 937 947 953 950 956 960 964 965 969 978 984 990 986 987 992 995 1003 1007 1012 1014 1020 1025 1027 1023 1033 790 793 799 811 817 825 827 837 838 834 840 843 851 866 873 899 902 916 670 668 679 685 698 702 728 731 732 733 746 747 753 759 760 762 764 770 771 538 548 571 575 578 584 614 610 624 637 648 657 660 429 435 451 454 450 466 471 499 501 524 531 536 331 348 396 413 415 421 423 231 244 246 248 255 258 268 271 277 284 293 296 297 313 322 324 1053 1051 1057 1064 1080 1081 1085 1087 1088 1096 1116 1128 1135 1136 1144 1148 1150 1154 1157 1167 1168 1169 1172 1181 1182 1184 1186 1192 1193 1196 1223 1232 1233 1259 1282 1287 1284 1286 1297 1303 1320 1323 1330 1336 1338 1334 1335 1339 1341 1351 1354 1356 1361 1362 1360 1371 1382 5398 5402 5404
19 3 138
33 75 20
0 3 2 3197 4679 4697 4706 4713 4721 4726 4753 4773 3708 3721 3727 3737 3810 3816 3824 3830 4144 4172 4309 3572 3607 3625 3657 3437 3442 3445 3449 3489 2549 2726 2740 2756 2319 1903 1942 1949 1562 1567 1576 1577 1582 1588 1586 1599 1602 1608 1672 1430 1436 1434 1442 1453 1468 1473 1472 1477 1481 1493 1489 1490 1503 1512 1516 1522 1538 1542 1543 1552 1558 1301 1309 1312 1316 1315 1319 1326 1336 1339 1344 1347 1350 1357 1379 1387 1390 1391 1395 1394 1399 1404 1408 1410 1411 1416 1414 1418 1422 1420 1421 1153 1158 1162 1166 1167 1174 1171 1181 1183 1185 1192 1198 1205 1216 1218 1224 1231 1228 1241 1248 1268 1266 1270 1280 1290 1286 1087 1125 277 301 5402 2879 5400 5401 5404
20 3 82
74 34 78
0 3 2 3833 5323 5253 5150 5152 3583 3589 3298 3388 3173 1950 1969 1931 987 1022 1301 1310 1316 1331 1336 1335 1341 1342 1349 1354 1356 1353 1364 1373 1375 1371 1385 1395 1401 1403 1399 1407 1410 1413 1414 1419 1422 1431 1437 1432 1434 1449 1453 1469 1474 1471 1476 1482 1492 1490 1506 1513 1523 1525 1535 1534 1541 1548 1544 1546 1550 1553 1610 1650 1694 296 293 901 720 5401 4936 4954 5402 5404
21 2 95
35 51
0 2 4228 5150 5041 5042 5046 5059 5075 5082 5097 5107 551 555 573 575 596 593 600 601 607 435 438 452 454 456 457 458 482 493 528 332 333 342 347 350 351 357 359 369 380 388 389 390 391 400 417 421 426 231 232 240 238 245 246 247 248 250 257 255 258 259 264 271 274 277 278 280 284 290 293 296 306 312 314 318 316 199 208 209 215 219 220 221 222 229 230 433 443 460 477 510 5401 5398 5404
22 2 100
18 36
0 2 1904 1920 1706 1703 1705 1731 1739 1756 1799 1584 1601 1599 1629 1664 1690 1691 1498 1509 1328 1387 1198 1233 1235 1274 1095 1120 1125 1148 1149 1188 1211 1224 1242 1244 1259 1265 1267 1270 1272 788 2740 2981 3060 3056 3054 3058 3076 3080 3083 3086 3087 3090 3095 3105 3103 3118 3121 2977 2990 3028 2973 216 277 409 3295 3296 3302 3304 3308 3315 3313 3336 3341 3347 3354 3166 3167 3173 3191 3196 3199 3224 3225 3230 3237 3243 3244 3260 3262 3266 3265 3277 3286 3287 3283 2549 5400 5404
23 2 197
59 38
0 2 3 5000 5006 5008 5026 5028 5046 4359 4390 4399 4451 4210 4224 4250 4305 4110 4147 4149 4151 4183 4194 4205 3960 3971 4026 4086 3851 3856 3873 3874 3403 3491 3521 3548 3572 3607 3682 3725 3737 3794 3289 3388 3394 4467 4486 4531 4559 4573 4589 4615 4867 4864 4899 4896 4904 4919 4924 4921 4927 4956 4792 4805 4824 4825 4836 4844 4850 4677 4714 4715 4726 4730 3238 3154 2682 2688 2725 2731 2736 2738 2754 2767 2768 2770 2780 2796 2798 2815 2819 2822 2830 2833 2844 2847 2851 2849 2856 2861 2863 2865 2866 2874 2870 2878 2886 2896 2898 2906 2913 2908 2909 2915 2917 2919 2925 2929 2935 2940 2941 2939 2944 2960 2961 3076 3083 3118 3139 2517 2526 2530 2528 2549 2556 2564 2569 2570 2583 2587 2595 2609 2616 2622 2618 2635 2649 2663 1825 1833 1866 1805 1816 1382 1388 1396 1422 1176 1271 1560 1584 1634 1638 1645 1495 1512 1534 1545 1128 746 351 357 359 296 313 211 227 247 255 277 293 299 311 548 2041 2507 2509 3016 3030 3041 5398 5085 5088 5091 5102 5402 5404
24 2 150
58 42
0 3 2 2684 2568 2606 2634 2652 2654 2662 2366 2393 2486 2300 2328 2095 2168 1704 1741 1744 1745 1758 1776 1788 1800 1562 1576 1574 1578 1591 1599 1604 1608 1617 1625 1623 1629 1634 1638 1644 1640 1642 1645 1646 1647 1651 1656 1657 1659 1661 1664 1665 1669 1671 1677 1678 1424 1431 1432 1437 1438 1445 1454 1456 1457 1458 1461 1474 1475 1471 1478 1491 1497 1504 1513 1516 1521 1527 1532 1545 1549 1559 1556 1297 1316 1330 1331 1336 1352 1386 1396 1406 1414 1422 1420 1158 1160 1181 1214 1241 1258 1290 1093 1127 1143 1147 1150 946 943 980 811 820 873 241 260 293 210 213 438 456 531 357 427 244 247 248 250 255 258 271 296 313 589 642 1964 1983 2045 1848 1866 3034 3064 3071 3126 3127 2869 2899 2925 5398 5402 5404
25 2 124
72 43
0 3 2 1834 1880 1703 1741 1794 1814 1573 1604 1638 1647 1671 1428 1430 1436 1432 1433 1438 1443 1448 1449 1455 1456 1453 1467 1465 1474 1471 1485 1488 1489 1491 1494 1498 1549 1294 1301 1297 1313 1316 1323 1336 1340 1344 1351 1354 1366 1367 1372 1390 1396 1392 1399 1403 1404 1412 1422 1152 1151 1159 1167 1165 1176 1178 1184 1186 1200 1204 1220 1227 1231 1241 1246 1248 1264 1266 1278 1290 1045 1064 1070 1071 1073 1074 1085 1090 1088 1099 1100 1101 1103 1112 1116 1122 1120 1128 1136 1147 2930 2435 2513 2326 624 668 777 224 231 268 293 4563 4584 4864 4926 5013 5095 5182 4201 3224 3303 5399 5402 5404
26 2 213
26 44
0 2 1296 1301 1308 1309 1316 1320 1326 1323 1336 1333 1335 1344 1347 1350 1354 1359 1364 1375 1382 1379 1380 1390 1391 1388 1389 1398 1399 1405 1404 1409 1412 1411 1414 1417 1418 1422 1152 1153 1159 1164 1165 1166 1167 1168 1174 1176 1182 1183 1191 1192 1194 1196 1209 1207 1227 1231 1233 1242 1257 1258 1261 1265 1266 1270 1290 1124 1128 1129 1133 1137 1142 4457 4461 4463 4467 4465 4475 4478 4479 4482 4483 4486 4496 4492 4493 4494 4498 4503 4505 4519 4529 4527 4535 4534 4538 4548 4554 4557 4559 4565 4575 4586 4587 4589 4604 4605 4606 4611 4619 4631 4636 4643 4651 4653 4657 4655 4677 4682 4689 4691 4706 4709 4710 4712 4724 4729 4730 4739 4740 4743 4551 4561 4562 4584 4585 4598 4599 4610 4624 4627 4854 4856 4857 4861 4866 4864 4877 4878 4876 4884 4885 4886 4894 4899 4901 4907 4904 4905 4909 4910 4921 4925 4928 4929 4927 4935 4938 4939 4943 4949 4948 4952 4958 4754 4755 4756 4764 4771 4775 4782 4784 4792 4787 4788 4794 4795 4800 4812 4824 4825 4832 4833 4836 4842 4844 4847 4848 4851 4850 4410 4416 4417 4415 4431 4433 4436 4438 4440 4451 5399 5404
27 2 241
21 45
0 2 3422 3453 3460 3467 3477 3492 3498 3535 3548 3567 3572 3584 3591 3595 3604 3600 3631 3635 3658 3664 3660 3679 3693 3716 3726 3727 3744 3740 3750 3759 3764 3788 3791 3844 3845 3843 3858 3861 3866 3874 3881 3890 3912 3920 3927 3930 3931 3932 3952 3950 3963 3972 3986 3990 3997 3999 4011 4012 4013 4017 4028 4040 4037 4050 4055 4052 4058 4060 4077 4080 4088 4334 4349 4358 4376 4380 4399 4420 4446 4208 4221 4231 4237 4238 4239 4247 4270 4271 4275 4276 4280 4288 4306 4320 4321 4134 4131 4135 4138 4150 4158 4163 4175 4180 4205 4207 4466 4475 4484 4489 4498 4505 4504 4508 4509 4519 4525 4529 4538 4555 4573 4589 4595 4600 4607 4608 4611 4612 4634 4656 4670 4669 4673 4680 4684 4688 4692 4701 4725 4730 4735 4739 4745 4755 4771 4772 4773 4787 4792 4797 4795 4801 4810 4827 4828 4835 4833 4836 4844 4846 4848 4850 3370 3375 3389 3399 2676 2673 2677 2694 2714 2755 2763 2768 2792 2794 2527 2530 2545 2550 2554 2564 2574 2598 2619 2623 2636 2638 2659 2666 2386 2389 2392 2396 2433 2445 2457 2472 2500 2511 1717 1757 1584 1691 1695 1235 1243 1328 2844 2853 2861 2867 2871 2880 2882 2883 2890 2896 2892 2894 2895 2898 2899 2904 2903 2908 2915 2916 2925 2926 2930 2934 2938 2954 2953 2961 5400 5401 5404
28 2 104
56 46
0 2 4228 5164 4962 4963 4971 4968 4969 4970 4977 4984 4985 4993 4997 5003 5010 5011 5028 5046 5049 5052 5059 5072 5077 5080 5089 5091 5093 5096 5102 5110 5113 2418 2421 2433 2439 2461 2484 2493 2507 2504 2526 2530 2537 2539 2536 2541 2546 2551 2556 2564 2569 2567 2590 2591 2598 2600 2607 2618 2634 2641 2645 2656 2649 2655 2697 2704 2706 2711 2715 2724 2728 2747 2745 2763 2767 2771 2772 2791 2792 2794 2800 2810 2811 2814 2823 2831 2849 2860 2872 2888 2890 2892 2898 2916 2925 2935 2944 2947 2960 5400 5399 5404
29 2 87
66 47
0 3 2 3773 3553 4867 4961 4967 4844 4250 3847 3890 3903 3909 4079 4088 3303 3312 3367 5399 1235 1257 1283 643 685 792 856 1950 1828 1854 1861 1920 1706 1756 1757 1802 1573 1577 1582 1584 1599 1629 1690 1691 1455 1456 1471 1476 1509 1538 1300 1305 1316 1328 1336 1354 1356 1375 1371 1405 1406 919 925 937 965 1041 1061 1063 1069 1080 1098 1101 1127 248 255 268 277 293 336 364 2619 3260 5231 5253 5095 5402 5404
30 3 150
50 69 71
0 3 2 2973 2823 2824 2825 2829 2822 2826 2827 2828 2834 2897 2939 2936 2681 2677 2687 2692 2694 2698 2702 2703 2710 2714 2732 2736 2741 2749 2750 2755 2763 2767 2760 2765 2779 2788 2789 2806 2804 2579 2581 2582 2592 2607 2612 2633 2634 2637 2644 2641 2647 2648 2649 2654 2655 2661 2666 3030 3197 3200 3260 2326 2332 2427 2435 1719 1761 1804 1811 1814 1848 1887 1895 1905 1932 1430 1432 1441 1456 1471 1476 1525 1535 1305 1348 1396 1399 1403 1182 1234 1263 1061 1102 1108 1134 934 987 1592 1671 670 711 728 777 581 646 234 241 255 258 293 359 391 398 458 477 503 510 863 902 913 1984 2047 2124 4852 4902 4929 4938 4948 4584 4600 4240 4358 3648 3736 3938 4006 4053 4055 4060 4085 4169 3477 3518 3367 5397 5263 5402 5404
31 2 100
52 12
0 2 4977 4982 4988 4989 4992 4986 4987 4991 5000 5004 5003 5008 5012 5030 5042 5052 5077 5089 5107 5120 4892 4894 4899 4902 4909 4911 4914 4916 4920 4922 4925 4928 4927 4931 4938 4943 4949 4950 4948 4952 4965 4962 4974 3168 3170 3172 3180 3181 3185 3184 3195 3196 3198 3199 3206 3213 3214 3227 3230 3238 3237 3239 3262 3267 3272 3277 3281 3283 3164 3058 3054 3076 3080 3081 3096 3101 3104 3105 3106 3108 3109 3115 3125 3129 3130 2981 2997 3003 3016 3018 3023 3020 3021 3030 3029 5397 5398 5404
32 3 126
68 54 22
0 3 2 524 331 359 1430 1434 1444 1454 1453 1464 1476 1296 1299 1307 1309 1331 1339 1356 1163 1202 1234 1263 1041 1045 1067 1074 1077 1090 1114 1136 1149 231 258 268 293 322 325 601 980 1022 1031 2962 2963 2973 2976 2978 2983 2989 2990 3001 3002 3007 3024 3021 3026 3030 3029 3031 3033 3034 3041 5397 5401 4553 4559 4563 4573 4584 4586 4594 4601 4611 4615 4623 4630 4642 4643 4665 4666 4671 4680 4684 4686 4691 4712 4720 4750 4755 4767 4772 4792 4804 4831 4833 4836 4848 4851 4237 4246 4261 4280 4286 4291 4300 4308 4325 4356 4358 4386 4391 4395 4432 4436 4437 4435 4442 4451 4457 4482 4496 4515 4518 5402 5404
33 2 177
64 29
0 3 2 3762 5228 5229 5309 5322 4796 4844 4854 4889 4578 4032 3878 3483 3491 3503 3523 3535 1944 1954 1987 1828 1829 1843 1905 1441 1453 1471 1535 1582 1632 1633 1647 1656 1667 1153 1188 1207 1234 1045 1079 1085 1098 1109 1110 1113 1119 670 668 672 685 681 693 699 700 702 703 704 717 719 724 733 738 744 741 746 759 763 775 777 778 538 539 541 543 569 570 573 581 594 607 609 620 629 632 634 638 642 640 641 650 661 246 255 258 277 293 359 368 491 503 504 500 501 510 522 523 525 524 528 531 529 530 536 782 785 790 793 799 801 798 815 817 818 825 827 833 835 837 839 844 851 847 858 863 867 869 874 873 888 889 891 907 911 909 913 914 915 1733 1742 1763 1792 1813 2069 2161 2332 2495 2635 2649 2656 1344 1348 1354 1384 1388 1399 1404 1406 2903 5398 3398 4452 4466 5402 5404
34 3 153
16 65 7
0 3 2 3233 3303 5338 5402 5258 4823 4926 4961 4791 4792 4793 4663 4707 4604 4606 4615 4618 4628 4217 5075 4192 4002 4013 4088 3909 3933 2675 2673 2683 2690 2693 2697 2696 2704 2705 2709 2718 2715 2721 2724 2728 2733 2731 2732 2746 2744 2745 2749 2755 2751 2757 2758 2517 2520 2528 2530 2543 2541 2547 2549 2550 2556 2559 2564 2565 2570 2571 2567 2568 2572 2573 2575 2578 2580 2581 2582 2586 2589 2600 2605 2606 2607 2608 2609 2612 2618 2631 2628 2634 2641 2650 2649 2654 2656 2658 2664 2660 2661 2665 2666 2423 2433 2431 2439 2447 2450 2455 2457 2454 2459 2467 2468 2479 2483 2484 2493 2496 2508 2511 1754 1771 1819 1323 1375 1455 1516 1535 1575 1612 1651 1656 1671 1280 792 817 873 258 220 477 590 923 1061 1079 3094 3135 3137 2942 5397 5399 5404
35 3 86
48 49 77
0 3 2 3487 2159 1802 1828 1428 1430 1436 1438 1442 1453 1464 1471 1472 1488 1489 1490 1501 1503 1506 1507 1508 1522 1534 1548 1552 1561 1565 1566 1576 1582 1574 1580 1586 1588 1589 1590 1595 1596 1597 1598 1608 1604 1607 1612 1448 1449 1454 1455 1456 1457 1466 1468 1469 1474 1476 1491 1494 1520 1525 1526 1531 1532 1544 1545 1549 1550 1554 1556 1325 1336 1344 241 1079 1085 1012 2714 5402 2498 2513 2941 5397 5399 5404
