5
0 10 25
0 33 4 7 11 12 27 28 29 30
0 189 1279 1283 1034 1042 964 972 780 952 954 874 793 800 997 923 906 610 686 689 1320 1340 23 546 1455
1 9 19
1 5 38 41 42 43 44 13 26
0 134 219 221 225 152 333 446 454 194 267 353 1295 945 954 1197 534 634 1455
2 10 22
32 34 40 14 15 19 20 22 24 31
0 1157 1162 1165 622 1009 34 95 1280 1094 1104 1197 1200 1329 1338 176 852 780 800 807 901 1455
3 10 23
36 37 6 9 10 16 17 18 21 25
0 604 607 687 707 965 969 333 801 1174 1094 734 828 835 818 918 1006 1005 1009 1337 641 104 1455
4 6 14
2 35 3 39 8 23
0 58 23 118 1329 780 1174 562 560 274 371 383 400 1455
