49
0 1 15
113
0 49 38 479 394 429 419 456 301 332 316 318 324 328 582
1 1 33
4
0 173 184 148 467 463 460 461 422 420 418 233 191 501 497 494 492 490 487 484 485 478 479 399 404 396 347 357 360 367 380 381 582
2 1 33
51
0 554 548 544 540 536 534 537 535 530 569 560 262 263 271 273 298 301 302 310 313 314 316 318 321 328 329 331 332 333 334 336 582
3 3 39
37 94 22
0 164 175 172 170 211 232 422 428 431 435 438 394 403 318 333 331 357 376 382 371 344 303 302 300 288 257 454 469 471 478 487 490 492 496 497 530 536 582
4 2 29
46 79
0 560 566 537 544 534 529 393 330 329 326 325 323 321 316 314 331 332 333 334 337 308 342 343 301 300 278 556 582
5 2 37
72 7
0 557 559 560 565 566 544 535 530 529 322 325 327 328 320 318 317 313 332 333 334 338 340 342 343 345 309 305 304 301 267 269 278 290 295 550 582
6 1 40
25
0 573 559 562 567 534 536 535 537 541 544 550 555 295 298 300 302 340 338 337 336 313 314 318 324 325 326 329 331 332 309 342 344 267 269 271 270 279 284 582
7 2 39
56 97
0 573 569 561 560 550 542 539 536 534 529 485 482 481 453 449 393 326 325 331 332 314 313 312 311 309 303 302 300 365 295 286 215 151 506 513 514 406 582
8 2 44
74 82
0 573 570 565 535 537 542 548 549 536 534 530 393 329 328 327 325 324 323 320 318 317 314 331 332 333 334 336 311 307 306 340 341 343 304 300 262 269 275 277 278 274 559 582
9 3 51
88 68 63
0 133 143 150 157 165 170 173 177 179 190 195 460 456 457 449 444 432 430 428 427 435 394 402 409 407 395 388 346 348 350 360 347 485 487 489 488 492 504 465 469 477 479 478 476 225 223 211 206 138 582
10 1 44
69
0 574 573 572 559 548 546 544 537 535 534 530 393 329 327 325 322 320 318 314 331 332 336 337 338 342 305 306 301 300 265 267 266 268 264 262 278 291 295 297 296 288 285 582
11 2 43
112 33
0 131 167 168 175 178 463 465 470 482 483 528 496 154 158 455 452 370 377 388 347 332 315 321 327 401 402 427 224 345 360 357 270 272 287 550 547 534 561 55 44 36 582
12 1 64
116
0 129 162 172 176 175 184 464 459 454 451 483 479 478 489 490 492 493 495 435 436 432 430 428 397 401 403 402 413 377 383 346 332 337 309 308 304 303 301 300 344 343 266 276 278 212 218 555 554 550 544 543 329 321 319 318 55 52 44 41 38 36 31 582
13 2 34
57 95
0 575 571 569 565 534 536 540 544 548 551 554 543 537 530 329 328 324 323 321 318 316 314 313 312 331 337 306 345 302 301 273 286 582
14 2 39
84 39
0 96 94 93 112 114 115 124 130 131 164 162 219 224 190 192 193 420 422 424 426 429 432 434 438 440 444 449 457 469 473 477 479 496 257 380 384 347 582
15 1 63
115
0 127 120 503 497 495 493 490 489 487 485 483 444 451 455 459 461 428 430 432 431 397 403 406 413 264 266 300 301 342 306 338 337 334 331 313 314 317 319 322 324 327 328 330 346 383 220 496 535 534 536 538 544 548 554 558 571 565 61 54 47 46 582
16 1 36
11
0 101 143 504 465 473 478 482 485 487 488 440 449 453 455 457 459 461 460 454 418 420 372 376 381 386 398 402 414 258 228 198 183 176 155 582
17 2 43
73 109
0 100 548 544 112 156 167 168 204 197 208 212 217 226 182 497 495 491 489 484 446 447 436 429 398 401 406 409 411 264 266 257 252 130 133 389 321 319 329 340 75 29 582
18 2 38
18 85
0 576 573 569 556 545 535 534 530 321 320 319 318 317 314 331 334 335 337 339 341 342 344 345 301 307 309 268 270 272 291 295 284 324 325 327 328 582
19 1 34
40
0 577 573 572 569 548 544 538 536 534 535 537 324 327 320 319 318 314 331 332 333 334 337 309 308 307 305 303 301 300 295 271 311 582
20 3 29
9 99 47
0 78 77 544 530 529 528 522 520 482 440 411 353 313 311 305 173 166 66 70 76 32 40 50 53 61 62 26 582
21 3 24
59 28 21
0 78 77 557 565 530 521 519 515 393 331 389 262 74 70 62 61 59 32 36 38 42 41 582
22 4 33
32 41 66 14
0 78 77 97 99 125 124 133 156 151 148 234 238 376 380 410 406 401 438 444 454 481 478 485 493 495 497 492 177 337 318 44 582
23 2 31
93 78
0 78 77 557 558 561 563 534 536 540 528 522 520 463 190 473 449 434 401 415 266 300 389 318 323 329 52 44 22 66 582
24 3 39
38 43 102
0 78 77 558 546 537 529 524 514 112 120 127 248 292 270 262 301 305 343 336 334 332 394 415 377 379 381 455 449 480 503 328 327 55 54 67 44 6 582
25 3 26
48 65 106
0 78 509 513 527 496 502 476 262 265 268 203 318 327 74 70 63 61 47 45 44 48 40 39 35 582
26 3 48
101 110 103
0 78 77 553 551 535 534 479 475 445 449 453 457 456 422 431 394 346 332 334 311 313 317 324 327 328 329 389 387 370 266 269 300 301 342 340 190 186 173 207 214 134 513 496 33 36 70 582
27 2 50
0 27
0 89 95 97 96 101 103 105 168 170 169 173 175 176 184 190 192 195 197 459 449 394 399 403 406 408 411 415 370 377 381 384 387 420 426 428 434 479 472 504 498 496 497 487 150 156 210 359 357 582
28 2 40
60 87
0 580 572 569 559 565 566 534 537 544 530 529 323 322 325 327 318 317 315 312 310 309 307 306 304 303 300 298 295 277 275 271 269 267 272 337 336 333 332 582
29 3 48
16 64 62
0 581 574 573 572 559 556 550 551 545 544 538 536 534 535 537 539 530 529 515 393 329 326 324 323 322 321 320 319 318 316 314 332 333 334 337 338 342 345 303 302 266 268 270 280 284 78 582
30 1 27
17
0 80 77 78 507 515 526 178 76 31 32 35 37 46 47 50 51 54 53 55 58 67 69 70 25 26 582
31 2 16
35 45
0 80 77 78 496 76 72 71 73 68 61 59 55 54 42 582
32 2 35
80 71
0 80 576 561 550 546 530 513 194 266 268 295 297 343 305 306 308 337 336 332 318 322 324 327 393 78 77 76 70 32 34 26 56 55 582
33 3 53
50 36 114
0 87 94 97 101 100 554 573 143 502 503 501 498 493 489 487 484 479 477 475 473 463 461 453 451 447 444 394 395 403 406 413 426 428 432 195 198 170 174 181 158 300 305 343 309 332 314 320 67 55 49 78 582
34 2 16
20 6
0 81 576 530 527 190 78 77 1 36 38 42 47 60 74 582
35 4 19
24 26 2 52
0 81 80 77 78 565 566 530 527 517 393 261 52 44 42 41 34 55 582
36 4 29
53 77 61 55
0 81 77 78 512 528 264 268 62 60 58 54 55 66 70 69 67 34 36 38 40 42 44 46 43 35 1 14 582
37 4 50
8 89 100 92
0 110 104 555 551 542 540 538 564 562 557 152 182 179 170 261 291 365 353 351 346 314 334 336 339 318 330 329 397 398 405 418 424 426 429 461 454 448 449 444 475 190 192 501 376 78 77 4 3 582
38 3 14
42 83 23
0 82 81 77 78 513 527 529 70 61 54 20 38 582
39 3 43
104 81 31
0 82 81 79 78 572 536 535 527 484 485 489 491 495 189 197 454 394 401 403 331 332 310 307 306 341 340 301 265 268 317 330 329 517 64 60 55 52 44 40 14 17 582
40 4 50
49 67 76 44
0 86 89 554 548 544 111 508 510 513 148 186 180 175 173 171 170 209 128 108 189 190 461 453 444 438 429 427 428 424 422 418 375 385 390 331 336 344 408 481 478 469 467 497 493 329 324 323 78 582
41 4 45
105 91 117 30
0 86 556 550 536 537 530 529 487 493 501 502 192 420 424 454 453 451 443 393 321 318 316 313 331 333 334 337 339 308 344 300 380 387 401 216 99 53 50 44 37 32 78 77 582
42 4 26
86 13 54 70
0 83 82 77 78 506 507 513 528 393 308 72 70 69 65 61 54 50 47 46 43 42 76 74 15 582
43 4 47
120 1 75 5
0 83 80 576 574 569 534 525 522 519 498 494 188 189 191 192 197 199 205 207 209 211 213 214 180 262 265 268 270 274 300 336 331 396 74 36 38 40 44 46 55 59 60 78 77 24 582
44 3 48
34 107 15
0 84 576 561 111 502 497 491 489 481 476 465 461 452 451 449 442 396 405 416 423 426 428 429 434 346 362 385 239 242 205 204 199 194 191 153 156 162 170 175 177 134 297 78 58 54 44 582
45 3 47
10 19 29
0 84 86 110 170 171 175 184 505 504 502 500 501 496 492 490 491 489 487 481 478 465 460 456 454 457 426 427 430 434 396 403 413 415 371 378 386 389 346 347 352 309 249 202 156 78 582
46 3 49
58 90 119
0 84 127 169 173 182 189 463 460 455 417 421 423 424 432 394 395 399 401 402 409 411 410 262 301 344 332 346 318 382 233 224 212 210 247 261 255 471 473 479 478 488 490 492 502 151 160 113 582
47 5 51
96 3 108 12 111
0 84 86 88 89 93 100 110 557 567 536 530 529 568 478 476 477 459 457 454 186 173 172 197 231 370 381 389 390 347 351 362 305 334 393 403 405 413 430 429 502 114 71 58 49 45 41 16 18 78 582
48 2 51
98 118
0 84 101 96 559 560 534 537 541 543 547 544 529 531 443 449 451 461 417 422 428 430 397 399 398 413 463 471 473 193 168 135 155 497 329 325 316 314 309 342 343 344 270 288 284 578 577 82 66 37 582
