21
0 1 110
0
0 2 2368 2380 2408 2427 2441 2471 2484 2205 2294 2337 2084 2141 2146 1951 1982 2051 1560 1645 1678 1436 1450 1476 1482 1548 1549 1309 1330 1354 1364 1151 1157 1159 1166 1169 1176 1178 1186 1194 1245 1256 1257 1261 1271 1275 1048 1064 1080 1086 1095 1136 1143 1145 1716 1721 1786 1783 1784 1816 1857 1859 1878 1879 1904 1908 1917 1927 2595 2654 2892 2941 2940 2944 2961 328 336 351 359 386 400 235 250 255 258 261 271 274 277 293 295 297 296 306 325 824 877 993 617 648 661 747 213 218 222 522 524 532 5359 5404
1 2 238
1 2
0 2 3166 3180 3196 3211 3248 3247 3260 3261 3265 3276 3155 5359 5002 4997 4978 4979 4376 4387 4452 4462 4467 4480 4483 4497 4502 4530 4532 4537 4543 4545 4552 4553 4557 4555 4562 4580 4591 4597 4601 4612 4610 4623 4631 4641 4672 4677 4847 4854 4859 4865 4866 4881 4894 4926 4947 4948 4952 4954 3959 3956 3966 3972 3976 3993 3998 3999 4001 4014 4017 4013 4026 4045 4048 4067 4072 4079 4082 4084 4085 3850 3851 3857 3855 3866 3879 3884 3909 3930 3937 3940 3948 3457 3461 3487 3497 3540 3306 3336 3378 3392 3045 3052 3073 3070 3082 3081 3087 3096 3121 2237 2265 2294 2341 2352 2384 2418 2443 2476 1166 1168 1174 1176 1169 1193 1217 1231 1246 1262 1269 1290 1048 1080 1082 1088 1097 1100 1095 1111 1122 1136 1137 1142 937 1005 1032 811 834 835 841 863 866 878 884 916 683 690 694 696 698 741 765 770 332 338 342 350 351 359 360 379 414 234 235 242 248 252 255 274 279 283 282 292 293 310 316 562 612 632 651 654 664 440 449 462 504 519 524 532 1312 1316 1317 1323 1330 1336 1333 1342 1354 1357 1385 1388 1395 1396 2898 2904 2925 2941 2954 2675 2712 2763 2808 2814 3595 3605 3634 3670 3785 3819 3823 4158 4172 4183 4276 219 226 5404
2 2 247
3 4
0 2 3405 3406 3404 3409 3412 3431 3437 3444 3449 3461 3466 3481 3483 3493 3497 3501 3504 3505 3509 3522 3530 3544 3553 3574 3580 3582 3570 3598 3603 3605 3607 3612 3613 3622 3623 3630 3643 3654 3655 3687 3693 3704 3700 3721 3718 3727 3731 3735 3736 3744 3745 3742 3739 3753 3760 3766 3780 3781 3785 3791 3808 3820 3836 3840 3841 3849 3854 3861 3870 3874 3877 3889 3886 3887 3911 3920 3937 3940 3963 3972 3990 3995 4026 4030 4040 4053 4055 4052 4067 4072 4075 4079 4095 4108 4112 4116 4125 4129 4139 4151 4154 4162 4164 4169 4166 4175 4225 4227 4230 4231 4240 4253 4250 4260 4275 4276 4280 4295 4314 4317 4324 4322 4327 4341 4347 4348 4349 4354 4358 4362 4363 4366 4376 4377 4391 4389 4412 4415 4437 4435 4439 4452 4454 4458 4469 4483 4519 4521 4536 4539 4548 4554 4556 4573 4574 4581 4586 4587 4594 4595 4601 4623 4624 4638 4657 4658 4662 4671 4668 4726 4731 4739 4749 4767 4775 4774 4809 4822 4844 4854 4864 4897 4924 4927 4932 4970 4980 4998 5002 5006 5010 5011 5012 5021 5028 5027 5047 5058 5064 5102 5106 3295 3299 3296 3342 3343 3348 3372 3373 3388 3400 3169 3173 3186 3191 3204 3213 3217 3218 3219 3214 3261 3265 3282 3154 5359 3126 3132 3146 3106 3088 3075 3071 3064 3067 3005 3006 3013 3016 3014 3030 3052 2944 2948 5404
3 2 207
5 6
0 2 3173 3178 3181 3236 3272 3155 5359 2896 2819 3054 3076 3080 3087 3088 3096 3100 3121 3143 3152 2208 2218 2326 2337 2352 1842 1855 1861 1890 1904 1908 1429 1438 1454 1491 1518 1516 1521 1538 1546 1294 1309 1339 1342 1354 1364 1153 1155 1159 1166 1169 1172 1178 1184 1176 1202 1217 1266 1288 1061 1085 1111 668 685 331 351 357 359 250 255 258 260 271 274 284 296 293 312 310 210 220 229 457 470 510 528 1569 1577 1582 1574 1586 1591 1600 1635 1638 1651 1675 1678 1682 1954 2033 2044 2403 2559 2733 3009 3705 3743 3795 3802 3815 3820 3289 3302 3336 3361 3378 3394 3395 3457 3501 3513 3519 3520 3544 4100 4107 4134 4136 4158 4159 4188 4207 4225 4228 4231 4256 4276 4376 4389 4641 4677 4712 4730 4556 4562 4570 4574 4580 4586 4607 4623 4854 4859 4870 4884 4886 4899 4905 4926 4956 4969 4988 4993 5000 5003 5011 5012 5016 5022 5019 5021 5025 5026 5028 5030 5032 5043 5046 5047 5049 3874 3890 3905 3909 3922 4466 4475 4491 4033 4079 4083 3644 3647 3653 3660 2168 1751 1770 1786 1788 1802 878 955 1006 5404
4 2 249
8 7
0 2 3168 3181 3196 3296 3389 3433 3446 3481 3503 3505 3512 3514 3520 3551 3583 3609 3620 3628 3644 3665 3679 3706 3707 3723 3730 3762 3773 3779 3804 3856 3895 3960 3965 4005 4022 4045 4055 4067 4091 4094 4095 4107 4105 4111 4119 4126 4135 4141 4159 4173 4175 4183 4186 4189 4191 4202 4207 4212 4211 4219 4222 4225 4240 4236 4250 4278 4275 4276 4286 4288 4305 4313 4317 4328 4340 5359 3097 3083 2522 2565 2621 2382 2408 2500 1706 1702 1714 1718 1719 1724 1745 1752 1757 1767 1766 1769 1770 1777 1778 1783 1784 1792 1794 1798 1797 1807 1817 1821 1833 1847 1848 1861 1869 1878 1874 1893 1895 1915 1923 1926 1928 1931 1424 1431 1433 1434 1446 1453 1461 1467 1469 1463 1470 1477 1480 1481 1488 1494 1503 1513 1518 1535 1544 1549 1552 1556 1567 1577 1582 1574 1586 1588 1593 1610 1614 1630 1640 1645 1646 1651 1678 1681 1153 1161 1168 1165 1169 1178 1186 1219 1239 1245 1241 1251 1252 1261 1271 1277 1278 1290 1048 1061 1064 1080 1085 1100 1096 1112 1128 1136 1142 1147 1150 950 962 983 1037 1298 1300 1315 1316 1317 1327 1330 1363 1366 1368 1371 1377 1384 1392 1397 1402 1423 452 457 471 351 359 248 255 271 275 274 277 279 284 296 293 313 317 314 208 755 863 901 916 1786 3030 3058 3055 2794 2896 2997 648 661 5404
5 2 212
9 10
0 2 3697 3700 3727 3856 3874 3878 3960 3976 3997 4002 4086 4100 4114 4141 4207 4216 4221 4228 4264 4271 4275 4276 3287 3164 3180 3181 3196 3203 3218 3219 3243 3272 2556 2564 2377 2382 2511 1954 1960 2015 2045 2047 1830 1839 1847 1855 1878 1879 1875 1905 1908 1927 1708 1716 1723 1726 1782 1799 1796 1802 1803 1807 1814 1574 1587 1592 1612 1634 1645 1678 1446 1453 1476 1521 1532 1535 1541 1544 1549 1550 1557 1301 1297 1309 1313 1317 1364 1371 1375 1399 918 921 934 942 993 999 1017 1044 1061 1080 1086 1087 1106 1112 1147 1150 1174 1176 1182 1231 1233 1245 1271 1280 784 785 790 795 806 817 822 824 820 845 850 861 862 864 873 877 892 890 901 667 668 670 685 686 688 753 770 545 553 570 571 574 588 589 594 604 617 624 627 632 642 643 661 662 448 452 457 510 518 519 524 522 528 351 356 359 374 412 248 255 259 261 271 274 284 296 293 312 310 322 325 227 2896 2916 2925 3055 3099 3096 3109 3111 3124 5359 3636 3628 3457 3461 3520 3535 3540 3544 3380 3379 2069 2095 2783 5404
6 2 224
11 12
0 2 3690 3691 3696 3693 3736 3783 3804 3820 3835 3843 3851 3862 3877 3896 3899 3918 3993 4008 4033 4044 4053 4058 4071 4080 4084 4085 4095 4111 4120 4135 4144 4168 5359 3612 3604 3602 3594 3592 3580 3579 3180 3192 3196 3208 3219 3231 3265 3272 3276 2823 2825 2836 2840 2844 2846 2849 2865 2872 2878 2892 2894 2895 2907 2908 2920 2926 2931 2932 2935 2940 2942 2362 2366 2379 2386 2390 2391 2398 2396 2409 2407 2437 2449 2447 2478 2508 2511 2203 2218 2255 2263 2268 2292 2304 2307 2320 2332 2341 2352 2059 2078 2084 2132 2135 2178 2193 1944 1950 1982 1984 2024 2033 2045 1828 1833 1839 1838 1844 1849 1848 1852 1855 1856 1859 1868 1870 1880 1891 1894 1895 1905 1906 1908 1926 1929 1930 1927 1931 1704 1734 1744 1750 1757 1759 1768 1765 1771 1772 1779 1782 1786 1787 1799 1797 1801 1802 1805 1819 1816 1564 1571 1573 1569 1585 1589 1591 1609 1621 1640 1645 1647 1675 1678 1681 1689 1431 1436 1442 1456 1453 1471 1481 1498 1503 1517 1521 1538 1542 1545 1399 1410 1411 1418 1422 2530 2538 2535 2540 2541 2567 2594 2596 2603 2609 2607 2627 2628 2663 2722 2728 2750 2752 2755 2763 2799 2993 3016 3034 3085 3383 3503 5404
7 2 116
13 14
0 2 3167 3197 3214 3241 3250 3259 3266 3276 3150 2979 3002 3055 3030 2675 2672 2689 2686 2739 2744 2750 2792 2825 2829 2840 2837 2853 2861 2866 2904 2923 2936 2941 2946 2945 2369 2367 2368 2380 2396 2429 2457 2497 2515 2212 2216 2234 2240 2290 2355 2356 2352 2073 2081 2077 2079 2095 2117 2124 2169 2200 1942 1949 5359 5122 5100 5098 5091 5078 5067 5059 5058 5055 5020 5028 5039 3607 3625 3657 3437 2538 2540 2549 2559 2564 2568 2577 2657 2664 2666 3075 3072 3105 3119 3136 1466 1087 100 125 124 162 176 15 23 24 908 910 1408 1412 3721 3727 3737 3830 4713 5404
8 2 213
16 15
0 2 3403 3420 3428 3432 3430 3477 3483 3487 3497 3501 3503 3510 3524 3540 3293 3302 3315 3324 3339 3350 3362 3375 3395 3707 3729 3731 3744 3748 3798 3799 3845 3850 3848 3846 3905 3930 3935 3965 3991 4011 4026 4037 4042 4051 4077 3555 3607 3648 3657 4221 4240 4246 4255 4258 4308 4317 4356 4358 4376 4422 4444 4446 4451 4643 4716 4730 4749 4751 4806 4847 4867 4886 4905 4955 4954 4962 4963 4974 4562 4570 4610 4621 4485 4493 4497 4522 4981 4985 4990 4997 5001 4999 5028 4114 4125 4139 4158 4165 4175 4179 4188 4192 4205 5359 1178 1176 1159 787 793 811 810 821 824 848 889 895 898 908 916 917 920 941 947 944 950 960 965 970 971 973 980 1006 1016 1017 1025 1032 1034 1061 1058 1075 1080 1085 1086 1082 1100 1111 1113 1128 1129 1147 1149 674 680 673 770 775 547 570 580 582 577 592 603 618 648 652 657 661 433 445 452 481 482 499 506 520 522 531 340 351 364 372 378 385 396 393 397 400 412 413 415 421 422 423 424 236 239 244 248 256 271 293 301 299 305 312 222 230 1942 1949 5404
9 2 158
17 18
0 2 4467 4466 4469 4472 4475 4484 4486 4487 4496 4502 4508 4518 4545 4561 4571 4578 4857 4924 4926 4943 4971 4970 4764 4791 4672 4739 4988 4998 5017 5024 5021 5028 5027 5033 5046 5083 4347 4353 4376 4391 4389 4414 4422 4426 4440 4445 4451 5359 176 151 100 36 45 50 60 70 72 240 250 258 274 277 293 297 310 350 356 389 435 452 482 480 503 516 524 555 557 575 605 637 654 661 679 774 793 790 819 834 864 870 877 878 898 906 914 916 921 932 949 990 993 1017 1302 1303 1318 1316 1354 1364 1375 1378 1159 1169 1173 1174 1172 1178 1184 1198 1569 1619 1625 1621 1639 1661 1696 1706 1726 1734 1740 1747 1759 1757 1764 1779 1777 1786 1804 1802 1803 1807 1814 1815 1817 1827 1830 1837 1453 1534 1541 1557 1086 1093 1118 1129 227 5404
10 2 142
19 20
0 2 3420 3849 3860 4017 4107 4139 4251 4272 4302 4299 4362 4416 4867 4878 4874 4884 4885 4886 4887 4888 4890 4894 4896 4897 4907 4909 4912 4914 4910 4920 4921 4928 4930 4932 4966 4963 4969 4786 4792 4803 4809 4828 4831 4684 4701 4709 4720 4584 4600 4605 4630 5359 5317 5055 5057 5058 5063 5064 5067 5072 5070 5075 5077 5082 5088 5089 5091 5093 5098 5099 5096 5095 5102 5103 5105 5087 4976 4978 4989 4995 4999 5002 5006 5010 5011 5012 5017 5019 5020 5021 5028 5027 5031 5034 5046 3315 3341 3388 3394 3192 2835 2365 2508 2522 2564 2609 2666 1831 1454 1452 1542 1044 1085 1105 435 472 523 531 803 810 899 244 293 1316 1748 1767 1639 1971 1985 2003 3081 3098 3616 3787 3788 3820 984 1013 413 5404
11 2 141
21 22
0 2 1830 1836 1848 1861 1860 1884 1895 1904 1915 1696 1702 1701 1732 1744 1757 1774 1780 1785 1795 1798 1801 1805 1811 1817 1567 1589 1591 1592 1593 1609 1607 1616 1634 1645 1667 1682 1689 1428 1436 1434 1442 1454 1453 1464 1476 1477 1478 1488 1507 1513 1516 1512 1529 1534 1535 1549 1551 1553 1309 1310 1315 1319 1317 1316 1336 1339 1350 1390 1397 1394 1418 1422 1421 1196 1219 1246 1287 190 100 101 113 114 122 125 124 129 137 138 142 144 146 169 173 177 179 8 22 29 37 45 51 56 55 59 61 67 70 71 69 72 65 82 87 91 96 99 97 1950 1983 1984 2041 2095 2180 2192 2223 5359 5167 5059 5062 5073 5082 5091 5093 5094 5095 5112 5121 5122 5404
12 2 113
24 23
0 2 3062 2204 2305 2345 2384 972 819 707 7 12 13 16 17 14 22 31 32 35 40 45 44 49 50 55 56 59 60 67 70 71 72 73 75 76 79 82 85 91 94 96 98 99 100 104 108 106 112 123 125 137 140 143 139 138 151 156 155 158 165 167 166 164 171 174 177 180 5359 3357 3356 4854 4865 4867 4888 4889 4899 4900 4896 4897 4902 4909 4910 4939 4941 4943 4952 4953 4954 4962 4967 4969 4563 4584 4589 4680 4744 4805 4850 4484 4508 5019 5033 5147 4341 4359 4362 4376 4451 4325 4329 1550 5404
13 2 100
25 26
0 2 4223 4232 4253 4276 4301 4307 4330 4341 4358 4362 4376 4377 4386 4392 4398 4418 4639 4667 4689 4695 4727 4731 4730 4735 4739 4560 4563 4589 4609 4619 4623 4854 4856 4857 4864 4874 4891 4948 4952 4954 4956 4962 4967 4986 4990 5001 5007 5027 5138 5126 5130 5083 5187 4173 4185 4205 4467 4528 4822 4846 5359 190 117 121 127 140 142 150 156 166 168 171 176 177 180 185 12 17 27 32 35 39 45 55 59 60 61 62 63 71 69 72 77 87 89 93 97 5404
14 2 116
27 29
0 3 2 3409 3550 3642 3651 3660 3966 3857 3884 3919 3730 3750 3804 3295 5359 5361 5113 5112 5107 5106 5085 5121 5122 4978 5004 5022 5027 5033 5032 5043 5047 5140 5146 5153 5155 5171 5125 5132 4376 4389 4435 4458 4482 4485 4766 4831 4866 4896 4949 4962 4584 4580 4621 4659 5186 5192 5207 4149 4159 4191 4241 3164 3192 3199 3211 3236 3249 2985 3009 3073 3082 3097 3100 3109 3131 2208 2314 1833 1890 1904 1928 1950 1586 1613 1651 1688 1159 1336 1339 1354 1364 1406 1474 1532 1535 1538 1557 2699 1723 1734 1767 1784 1794 1112 252 261 284 296 588 210 221 223 422 5404
15 2 186
30 31
0 3 5193 5201 4340 4347 4436 4440 4451 4221 4260 4286 3550 3444 3459 3461 3487 3503 3540 3289 3303 3341 3170 3211 3214 3224 2541 2549 2596 2373 2377 2399 2458 2464 2506 2237 2239 2294 2324 2075 2095 1942 1949 1984 1989 2024 2041 1831 1833 1841 1848 1912 1716 1726 1745 1751 1767 1786 1795 1816 1582 1600 1604 1613 1618 1647 1673 1688 1151 1164 1170 1177 1241 1259 1301 1300 1309 1316 1330 1411 1453 1463 1468 1521 1545 1058 1086 1105 1118 1128 1137 1147 669 746 766 548 234 236 240 252 260 258 277 282 295 322 325 331 336 356 362 101 149 152 158 183 21 19 26 59 61 68 82 88 466 528 532 811 895 906 944 955 990 993 1031 214 229 2892 2937 2961 2721 3014 3076 3080 4159 4178 4202 4201 4641 4679 4684 4680 4697 4723 4739 4552 4554 4565 4581 4633 4854 4864 4876 4909 5361 5167 5010 5032 5038 5046 5047 5102 5107 5120 4774 4812 4824 4831 4836 4847 4472 4505 3759 3823 3835 5404
16 2 121
32 33
0 3 4976 4991 4999 5001 5028 5027 5049 5083 5095 5102 5122 5130 5135 5320 5337 5361 5316 5225 4847 4873 4874 4892 4956 4967 4706 4718 3857 2972 3075 3115 3118 2549 2699 1696 1722 1723 1732 1745 1757 1761 1777 1800 1801 1808 1817 1563 1564 1608 1627 1151 1159 1169 1186 1233 1278 1284 1041 1064 1085 1101 1125 1124 1454 1453 1471 1476 1498 1507 1301 1336 1333 240 244 270 276 284 282 341 357 102 105 113 119 141 142 149 151 155 158 163 166 181 183 9 17 21 18 32 40 52 59 70 69 99 980 1828 1876 1878 1879 1915 1928 2038 2069 3226 4451 195 230 661 5404
17 3 84
34 36 28
0 3 2 3181 3150 1699 1763 1574 1613 1645 1656 1151 1202 1207 1263 1045 1061 1071 1076 1080 1079 1090 1128 670 790 792 231 241 258 277 284 310 17 21 23 36 51 52 49 55 60 61 65 70 94 100 150 151 162 166 185 352 357 362 422 1950 1310 1336 1516 1532 1538 1915 1924 2941 5360 5361 5322 5279 5288 5314 5210 5227 5265 4976 4376 4032 4069 3493 4734 4836 4969 5356 229 5404
18 3 91
35 37 39
0 3 5298 5314 5320 5325 5361 5247 5215 5144 5095 4214 3890 4926 4944 4739 3303 3306 3388 2741 3152 3154 2096 1935 1563 1587 1592 1595 1613 1622 1627 1632 1642 1644 1647 1655 1667 1446 1450 1453 1498 1507 1532 1535 1549 1336 1371 1403 1404 1159 1188 1207 1273 792 668 685 541 624 452 458 336 100 151 154 166 177 4 17 22 70 86 92 273 207 986 992 1073 1090 1092 1722 1736 1772 1802 1814 1817 1862 1919 2850 2998 4201 5404
19 4 74
40 41 42 38
0 3 5282 5314 5315 5240 5128 3603 3491 1428 1476 1517 1553 1316 925 1061 1070 1196 1213 1263 817 231 258 277 189 100 104 119 148 152 151 154 166 175 7 12 16 22 24 30 36 40 42 45 46 52 53 57 60 63 65 70 71 76 86 96 99 352 357 362 1836 1838 1834 1895 1917 2958 1644 1688 4867 5361 5204 4530 4079 5404
20 3 39
43 44 45
0 3 5148 5361 4721 4713 1942 1949 1087 1158 1216 1248 1268 1387 100 102 108 151 152 156 168 177 182 12 17 21 18 19 36 40 41 45 68 69 87 92 99 321 5404
