25
0 2 90
64 10
0 1 2 4661 4664 4715 4771 4782 4808 3856 3577 3167 3180 3181 3185 3186 3189 3190 3195 3194 3208 3214 3213 3219 3225 3227 3230 3231 3240 3247 3257 3258 3261 3272 3285 3283 3162 3051 3052 3068 3070 3076 3079 3081 3083 3086 3087 3100 3101 3102 3108 3112 3115 3120 3131 3132 3141 3142 3145 3152 2992 2993 2997 3027 2904 1931 1942 1949 68 92 293 372 471 624 648 672 790 817 1151 1188 1265 1366 1387 1549 1651 1801 1802 5403 5368 5404
1 2 163
11 71
0 2 1 668 670 685 692 690 708 725 726 739 772 775 774 777 785 791 799 804 817 823 833 837 838 846 873 875 877 883 917 925 940 948 960 965 969 973 983 987 993 999 1000 1001 1003 1005 1009 1014 1025 1030 1031 1036 1035 1048 1051 1052 1054 1061 1063 1085 1086 1087 1083 1089 1111 1108 1124 1126 1129 1135 1136 1143 1149 1152 1153 1159 1160 1167 1176 1172 1178 1183 1838 1842 1917 1931 2988 2997 2998 3068 3108 3118 3147 3161 3164 3174 3182 3181 3192 3196 3237 3289 3367 3411 3465 3491 3495 3497 3526 3554 3577 3610 3613 3678 3682 3725 3770 3856 3890 3901 3971 4052 4086 4141 4147 4149 4175 4212 4209 4340 4457 4488 4491 4522 4543 4578 4582 4605 4619 4633 4661 4664 4665 4744 4761 4808 4810 4824 4845 4905 4926 4944 4947 4950 4967 5013 5080 5291 648 3030 5403 5368 5404
2 2 115
68 12
0 2 1 2862 2915 2917 2940 2958 2676 2678 2683 2696 2699 2758 2794 2818 2530 2564 2569 2660 2366 2377 2386 2417 2426 2498 2831 2867 2899 2920 2065 1954 2047 1856 1854 1883 1895 1919 1923 1927 1930 1705 1714 1746 1777 1043 1085 1121 1128 925 1022 1031 817 901 1159 1221 1227 1239 1336 1375 1390 1415 1436 1463 1476 1505 1535 1534 1538 1545 1548 1553 3170 777 359 421 100 113 111 115 125 152 163 7 10 21 30 32 36 35 60 62 85 89 95 99 263 284 310 4944 5047 5059 5095 5096 5111 5346 4358 4376 4221 4201 4060 3402 5368 5403 5404
3 2 174
16 63
0 2 1 293 356 359 3147 2887 2899 2683 2692 2710 2720 2726 2728 2724 2729 2736 2739 2794 2525 2527 2530 2529 2549 2556 2563 2567 2568 2576 2609 2621 2622 2623 2626 2639 2663 2377 2386 2396 2401 2407 2417 2421 2427 2444 2478 2493 2505 2510 2511 2205 2206 2234 2240 2245 2246 2268 2300 2306 2307 2321 2328 2331 2332 2337 2340 2348 2065 2074 2087 2091 2103 2105 2126 2140 2146 2151 2162 2166 2181 2188 1945 1954 1968 1974 1970 1983 1994 1999 2015 2020 2021 2018 2027 2043 2041 2042 1827 1837 1840 1847 1853 1857 1879 1881 1882 1894 1904 1915 1917 1926 1697 1703 1705 1731 1732 1733 1738 1751 1773 1777 1784 1786 1795 1807 1814 1817 1591 1622 1640 1647 1668 1677 1687 1157 1161 1163 1182 1201 1206 1118 100 185 18 23 36 52 70 94 1022 1354 1375 1406 1468 1516 1076 1101 1109 1136 670 5346 5144 5011 5041 5095 4808 4836 4052 4345 4376 5368 5403 5404
4 3 113
18 20 21
0 1 2562 2696 2741 2794 3150 2897 2904 2940 2435 1935 2062 2091 2199 2300 2332 1833 1834 1857 1919 1436 1432 1434 1445 1450 1455 1453 1471 1476 1534 1294 1297 1316 1323 1364 1403 1151 1165 1178 1227 1237 1257 1275 1041 1069 1073 1079 1093 1103 930 941 959 977 983 804 812 809 816 865 672 737 736 768 562 580 613 621 624 429 470 484 492 509 514 523 347 353 349 357 356 359 415 280 284 285 293 15 45 55 70 156 166 221 5128 4154 3977 4065 4836 4848 4907 4936 4954 4999 5002 1647 1696 1718 1744 1798 1814 5403 5404
5 3 36
26 52 22
0 1 261 285 293 312 331 101 109 118 126 4 17 15 18 21 22 23 25 51 55 61 65 85 86 5002 5027 5145 5179 5206 5208 1128 1215 3000 5403 5404
6 4 44
24 56 37 7
0 1 119 156 162 182 4 21 23 36 40 45 51 47 48 50 55 85 86 92 99 1744 2103 2130 2350 1851 1895 2661 3196 4733 5002 5011 5028 3993 4046 4084 4086 3388 3426 5126 5127 3130 5403 5404
7 4 59
17 58 27 39
0 1 670 777 817 5206 5288 5337 5348 5144 5002 4494 4536 4574 4856 4967 4782 3444 3207 1336 1384 1399 1410 1455 1476 1498 1535 1828 193 207 100 111 128 151 163 166 179 21 26 30 36 45 63 65 70 99 293 295 336 359 422 1079 1151 1592 1647 1703 2435 5403 5404
8 1 18
32
0 1 1455 1507 1534 1303 1316 1323 207 52 49 50 61 4415 3303 3367 5403 5404
9 3 80
40 19 29
0 1 429 336 1915 1917 1816 1323 1354 1396 1404 1161 1176 1219 1234 1077 1079 1085 1093 1096 677 736 817 861 873 231 254 258 261 266 296 293 14 17 21 30 32 36 63 65 71 69 96 99 100 102 588 602 612 621 649 3252 3289 3495 4201 4275 5326 5316 5212 4761 4910 4954 1647 1671 1678 1694 1151 1159 1230 1290 222 229 1436 1453 1470 1549 3082 2904 5403 5404
10 3 46
8 1 44
0 1 150 151 179 7 21 30 37 47 70 71 69 94 2654 3067 3080 3144 2930 2941 3214 3218 3277 5213 5218 4999 5002 5008 5037 5089 5098 5095 5115 4836 4857 4939 4943 4948 4543 4026 3669 3431 3461 1802 5403 5404
11 3 75
57 13 45
0 1 522 356 359 5098 5100 4988 5027 5220 5250 5128 3674 4002 4006 4053 4060 4079 4095 1031 548 560 714 767 790 792 836 1186 1234 1256 1260 1273 1061 1079 1091 113 117 124 134 163 177 182 12 21 40 60 71 73 76 96 266 1647 1670 1476 1528 1336 1753 1817 1927 2985 2988 2989 3274 3164 4240 5330 4782 4814 4867 4905 4947 4572 2326 5403 5404
12 4 57
46 9 38 31
0 299 21 24 30 45 70 101 150 151 166 168 579 443 1079 1085 1090 1088 1105 1103 1476 1512 1553 1323 1404 1405 1769 1838 1862 1917 2903 1 739 1622 1647 3164 3196 4451 4866 4877 4902 4925 4932 4948 4967 4836 4742 4548 5337 5204 5211 5231 5266 5002 4107 5403 5404
13 4 69
48 33 23 47
0 1 1008 336 368 427 234 246 255 258 284 293 325 4 50 53 70 83 86 99 100 105 108 113 124 130 151 163 184 603 640 4088 5211 5250 5297 5091 4988 5002 5011 4948 4967 4796 3736 4144 3197 1923 1456 1336 1354 1230 1044 1041 1061 1099 1103 1150 1159 1207 1234 1632 1639 1751 2069 3138 2930 2789 2649 5403 5404
14 3 67
49 50 15
0 1 4929 4954 5182 5203 5270 5281 5302 5322 5352 3851 3890 3820 4169 4201 4221 2332 2069 1716 1732 1829 1895 1927 1931 1456 1453 1471 1592 1647 1670 670 682 704 790 873 889 100 151 152 158 21 36 61 65 76 98 99 258 293 312 212 519 524 1060 1128 1202 1204 1222 1256 1336 3030 3070 2897 2895 5403 5404
15 3 57
51 4 6
0 1 282 296 313 3067 3154 3181 3193 3303 777 1356 1390 1399 1403 1404 1422 1696 1738 1770 1803 1807 1840 1450 1456 1453 1466 1471 1476 1507 1516 1638 1670 1678 983 2124 2201 2265 2332 2694 5324 4376 4377 4032 4065 4107 4179 4509 4764 4954 4967 4642 2457 2904 2945 5403 5404
16 3 71
2 53 61
0 1 1169 1188 359 293 300 55 2437 2498 2526 2605 2615 2661 2739 2784 2799 2819 4957 4959 4967 4584 4035 5211 5216 5263 5196 5053 5128 4179 3453 3903 3909 3932 3938 2973 2073 2112 2146 2210 2332 1833 1844 1862 1860 1883 1703 1757 1763 1788 1573 1591 1592 1633 1678 1694 1436 1453 1476 1489 1511 1535 1549 1323 1336 1390 1395 1404 1944 5403 5404
17 4 57
54 43 60 30
0 5227 5242 5253 5265 4988 5002 4095 4905 1 357 2773 3367 3386 3388 3173 3276 3903 3940 4655 1828 1879 1431 1468 1516 1549 1574 1676 1215 1239 1263 1316 1323 1356 100 101 149 151 160 21 56 65 255 277 293 624 925 983 1061 1786 1794 1797 2129 2942 2945 5403 5404
18 3 83
41 5 55
0 1 3847 3878 3895 3909 3915 3927 4069 4070 4142 4179 4205 4349 4391 4424 4458 4473 4487 4494 4536 4572 4582 4601 4641 4796 4836 4844 4002 4060 3570 3670 3501 3533 3303 3395 3173 3224 3274 3162 220 102 113 21 1234 1567 1617 1622 1628 1658 1656 1667 1682 1718 1721 1722 1728 1777 1798 1807 1816 1862 1866 1906 1908 2222 1406 1422 1447 1453 1474 1516 1535 1095 1147 293 322 624 3139 2988 3041 5403 5404
19 4 68
25 42 59 70
0 1 2 1817 2170 2944 2951 2961 5403 1694 1476 1314 1325 1336 1229 1237 1266 1095 1128 100 108 151 168 177 182 185 11 21 22 23 24 36 45 55 59 60 61 71 85 92 99 118 119 128 144 158 159 388 422 427 255 258 296 648 670 4972 4988 5128 5150 5267 230 952 986 792 3214 4141 5368 5404
20 2 102
62 14
0 1 2 3030 2219 2226 2234 2252 2304 2331 2332 2353 2073 2074 2100 2125 1706 1754 1771 1781 1778 1840 1846 1859 1870 1894 1898 1908 1431 1466 1494 1548 1294 1303 1316 1317 1322 1323 1366 1375 1388 1399 1400 1153 1168 1202 1241 1262 1061 1071 1073 1113 1127 942 965 985 792 901 685 692 336 231 258 293 310 21 47 53 71 99 101 166 179 209 518 522 529 588 2006 2019 2034 2047 2054 1606 1630 1638 1645 1671 1682 1694 2819 4422 4961 4967 5127 5250 5260 4810 3303 5368 5403 5404
21 3 75
65 34 36
0 2 1 470 519 581 4660 5018 4360 4380 4389 4402 4867 4921 4925 4941 4943 4952 4831 4836 3963 3980 4070 3857 3878 3895 3914 3928 3414 3433 3488 3522 4173 4192 4237 4250 4254 4322 4329 4146 4179 4201 3725 3808 3820 3021 3141 1446 1476 1518 1535 1563 1612 1670 1165 777 873 925 1022 1344 100 166 185 4 65 76 86 295 3197 3230 3280 2649 5403 5368 5404
22 2 143
0 66
0 2 1 255 395 4452 4453 4471 4473 4474 4475 4480 4482 4491 4494 4502 4515 4517 4522 4540 4749 4754 4775 4779 4785 4787 4792 4797 4794 4795 4809 4813 4827 4831 4836 4839 4841 4844 4850 4641 4646 4647 4651 4652 4659 4662 4670 4667 4668 4673 4677 4678 4687 4693 4703 4704 4715 4720 4748 4559 4565 4566 4573 4578 4583 4584 4580 4587 4600 4607 4610 4615 4623 4631 4228 4247 4281 4301 4302 4303 4300 4307 4312 4313 4317 4328 4334 4340 4341 4345 4350 4359 4360 4370 4372 4375 4381 4379 4394 4396 4402 4404 4406 4409 4408 4418 4424 4436 4435 1631 1746 1756 2749 2750 2764 2763 2768 2786 2804 2814 2839 2870 2878 2892 2891 2898 2904 2912 2920 2925 2929 2930 2935 2944 2941 2942 2953 3065 2998 3041 5403 5368 5404
23 3 208
35 67 28
0 2 1 1045 1070 1079 1090 1222 1245 1313 1336 7 21 55 70 95 99 258 331 4376 4661 4208 4219 4221 4231 4252 4253 4254 4255 4261 4267 4272 4281 4092 4100 4106 4111 4117 4119 4130 4134 4139 4144 4146 4148 4149 4153 4158 4161 4162 4163 4160 4177 4180 4183 4193 4203 4205 4207 3956 3976 3981 3983 3988 3990 3991 3992 3994 3995 4005 4010 4018 4019 4021 4024 4042 4039 4050 4057 4060 4079 4082 4078 3849 3854 3863 3865 3866 3874 3878 3882 3890 3887 3888 3896 3895 3904 3903 3912 3915 3920 3921 3932 3946 3944 3945 3685 3686 3693 3696 3698 3727 3730 3732 3735 3736 3741 3749 3755 3762 3771 3775 3778 3781 3795 3797 3820 3835 3548 3551 3553 3571 3569 3583 3585 3591 3592 3601 3603 3600 3611 3612 3630 3631 3639 3643 3651 3658 3665 3660 3668 3679 3684 3401 3409 3421 3422 3423 3439 3468 3477 3492 3500 3501 3503 3530 3543 3297 3301 3305 3326 3329 3338 3336 3344 3345 3351 3348 3350 3361 3359 3363 3364 3367 3368 3380 3373 3379 3388 3394 4212 4220 4225 4239 4244 4246 4247 4249 4275 5318 873 1153 1178 1592 1703 5403 5368 5404
24 2 120
3 69
0 2 1 539 548 550 555 559 584 590 593 598 607 616 624 630 637 645 231 233 238 244 247 248 246 252 250 257 260 258 259 273 269 271 275 277 278 282 291 292 296 298 295 302 306 317 318 324 331 329 336 356 357 365 366 368 379 382 389 390 403 411 415 416 422 435 438 439 452 454 457 464 469 465 466 477 489 503 501 510 518 519 522 523 531 536 198 205 209 215 230 1463 1489 1573 1647 1678 1694 2208 2237 2332 2146 1802 1804 1805 2686 4286 4655 4764 4822 4844 4967 5128 5142 5208 5346 1404 2953 5403 5368 5404
