31
0 1 7
28
0 560 561 260 351 374 576
1 2 35
13 37
0 520 518 516 494 454 434 368 345 317 326 304 561 560 556 41 45 48 49 77 78 82 83 102 101 130 134 158 156 191 231 229 203 543 576
2 2 26
26 19
0 467 495 517 519 523 370 351 330 335 322 298 194 204 561 560 541 533 425 461 440 82 70 62 134 576
3 1 19
31
0 467 426 428 421 514 534 537 541 523 353 298 296 232 234 561 560 8 576
4 2 36
46 22
0 511 498 497 515 516 533 373 377 340 341 344 298 305 306 253 243 176 179 127 88 78 6 8 65 560 561 363 444 407 419 431 433 453 160 576
5 1 41
36
0 567 569 571 573 542 515 425 430 434 453 455 444 378 330 349 334 345 344 343 315 289 235 234 230 194 216 102 98 97 96 3 8 575 38 87 130 134 158 146 576
6 1 18
35
0 479 467 461 497 502 515 328 298 296 561 179 130 85 81 80 48 576
7 1 29
33
0 471 507 501 498 513 515 532 493 571 547 548 553 329 381 444 318 265 119 162 159 123 6 13 29 28 39 575 576
8 1 28
1
0 473 510 515 534 552 542 545 531 523 304 298 210 212 200 182 127 125 131 122 157 81 86 313 333 377 455 576
9 2 36
48 9
0 478 483 516 520 523 530 565 566 573 574 558 561 270 552 534 353 405 406 512 501 456 445 379 322 176 130 156 160 163 108 1 4 74 99 576
10 1 26
21
0 473 506 511 496 392 389 388 376 371 370 362 444 445 447 458 455 414 383 320 558 85 90 91 8 576
11 1 30
0
0 523 518 402 396 330 305 301 281 271 221 232 343 342 341 364 377 512 511 502 466 473 492 493 571 560 561 133 146 576
12 2 41
41 4
0 481 492 564 566 527 525 523 532 529 504 499 498 514 390 380 444 445 407 454 460 461 516 552 540 537 310 313 338 280 276 305 561 560 557 183 106 76 8 155 576
13 2 30
27 5
0 492 499 498 429 327 349 336 298 296 289 286 561 127 116 105 106 95 108 1 4 6 7 8 74 109 157 194 523 576
14 3 33
24 38 15
0 492 529 528 542 534 371 519 518 515 501 498 461 459 455 436 434 445 317 289 253 184 130 124 134 8 90 555 560 573 232 493 576
15 2 39
17 29
0 492 525 473 468 459 495 499 403 389 349 346 306 290 296 194 176 179 165 166 116 127 130 131 132 156 163 81 78 64 62 45 3 93 103 556 561 560 576
16 1 50
25
0 492 526 523 517 516 515 533 534 541 507 510 511 512 479 473 390 348 354 355 364 358 359 360 340 298 296 295 306 270 284 261 194 233 234 561 560 575 8 163 158 107 82 555 201 313 323 419 405 576
17 2 35
50 52
0 482 492 507 510 498 514 518 349 328 324 322 317 359 383 380 378 374 535 541 560 561 555 125 1 77 91 81 211 261 264 284 292 433 576
18 3 42
58 42 34
0 473 492 529 525 372 389 378 418 435 453 458 412 364 342 332 309 310 321 298 303 220 221 222 234 223 232 226 209 158 160 3 60 59 43 72 82 99 561 574 513 576
19 4 29
3 49 10 11
0 474 478 493 529 552 534 533 426 429 432 433 419 417 454 465 562 561 575 73 70 101 295 298 315 343 521 157 576
20 3 39
16 40 45
0 474 529 531 532 523 394 395 396 392 377 339 341 342 343 344 348 536 365 444 420 422 439 458 499 570 561 558 557 98 97 107 108 77 46 130 158 520 576
21 2 28
43 55
0 474 473 467 511 510 523 533 387 446 361 295 250 561 556 88 72 65 64 8 6 105 106 112 117 173 571 576
22 2 33
2 18
0 525 523 552 328 562 561 570 492 467 463 426 494 533 357 341 323 298 299 290 256 242 201 130 80 74 48 6 2 163 156 491 576
23 2 38
8 7
0 527 529 530 523 518 517 515 494 498 499 500 511 507 479 484 453 416 445 381 364 360 344 346 324 292 288 286 256 537 552 549 560 561 67 207 491 576
24 3 36
32 59 51
0 478 473 469 516 533 535 541 530 523 568 565 492 506 511 495 350 307 268 299 323 385 435 454 444 353 562 561 560 56 8 130 156 203 491 576
25 2 37
53 54
0 492 564 566 529 504 511 465 459 442 440 455 453 437 415 361 359 357 353 347 340 323 211 242 250 254 561 560 575 134 135 124 536 376 386 491 576
26 3 38
57 6 47
0 491 492 493 507 523 515 534 535 541 542 399 450 455 439 422 298 301 293 306 285 284 281 264 261 245 252 556 561 560 19 575 67 98 163 149 469 576
27 2 40
20 23
0 490 492 493 565 566 571 572 531 523 520 518 515 400 486 485 467 469 479 510 527 548 562 561 560 575 92 134 157 151 195 175 182 348 341 362 298 316 429 576
28 2 47
14 30
0 473 479 482 486 466 497 501 511 510 529 531 527 492 568 550 540 552 533 400 409 428 458 445 444 361 316 340 341 342 332 561 557 559 575 99 114 130 158 161 8 78 85 216 215 477 576
29 1 31
44
0 477 478 501 511 510 523 520 519 422 439 454 382 298 303 305 306 312 561 560 556 82 77 6 161 160 159 157 130 129 576
30 3 39
56 12 39
0 477 523 520 519 398 533 350 348 332 333 334 335 345 344 343 341 340 364 317 310 256 562 561 560 56 84 81 79 78 5 130 455 457 460 462 465 539 576
