26
0 1 107
0
0 2 2679 2689 2715 2731 2736 2520 2527 2564 2567 2576 2573 2609 2623 2631 2637 2634 2640 2648 2649 2656 2664 2666 2363 2386 2401 2409 2414 2421 2440 2446 2451 2452 2453 2461 2474 2491 2513 2213 2215 2235 2234 2241 2255 2264 2263 2269 2270 2282 2288 2289 2301 2326 2327 2345 2351 2075 2082 2079 2111 2112 2120 2132 2141 2151 2196 1936 1947 1959 1969 1991 1997 2000 2006 2022 2040 2043 1823 1827 1852 1861 1879 1881 1908 1910 1915 1917 1931 1713 1728 1747 1750 1777 1791 1797 1816 1626 1645 1646 1656 1668 1671 1678 1683 5395 5404
1 1 84
1
0 2 573 583 584 585 594 596 608 614 612 619 617 618 625 628 635 634 640 648 649 650 654 657 917 922 928 930 939 936 952 966 969 974 978 980 984 987 995 1000 789 785 790 796 810 817 818 824 844 846 842 850 858 860 862 866 867 871 873 888 898 902 900 904 915 666 668 677 679 683 684 685 687 692 694 698 705 717 737 754 762 777 5395 5404
2 1 67
2
0 2 1569 1570 1591 1599 1608 1619 1624 1617 1623 1426 1434 1474 1476 1488 1489 1497 1526 1532 1541 1549 1551 1301 1309 1336 1364 1151 1157 1159 1167 1186 1222 1252 1316 1323 1335 1375 1396 1397 1403 1404 1414 1422 1429 1431 1436 1453 1471 1491 1510 1522 1552 1048 1086 1100 1112 1128 1135 1147 1003 1021 1023 1024 1029 5395 5404
3 1 78
3
0 2 199 213 211 219 229 230 435 439 457 462 464 481 503 508 510 515 520 525 529 538 539 544 566 567 572 443 448 480 488 489 528 531 333 336 342 350 351 357 359 369 377 375 392 397 399 400 415 419 420 422 423 424 428 240 241 246 248 250 255 256 258 259 264 267 269 271 274 278 283 285 289 293 304 314 5395 5404
4 1 77
4
0 2 3402 3411 3423 3460 3467 3487 3492 3292 3303 3301 3330 3350 3359 3370 3376 3386 3389 3170 3180 3181 3199 3207 3214 3230 3239 3252 3259 3265 3276 3277 2977 2978 2988 2997 3003 3034 3044 3045 3046 3051 3058 3054 3056 3061 3068 3081 3087 3092 3105 3111 3112 3114 3120 3125 3140 3141 3147 3149 3283 3156 3163 3168 3175 3196 3202 3203 3266 3557 3567 3573 3580 3598 3603 5395 5404
5 1 164
5
0 2 4484 4493 4497 4502 4515 4530 4545 4551 4555 4567 4573 4599 4609 4621 4856 4872 4884 4885 4887 4900 4907 4910 4916 4920 4927 4944 4946 4950 4955 4767 4808 4809 4816 4822 4831 4833 4836 4850 4853 4863 4864 4870 4891 4911 4928 4931 4943 4948 4970 4755 4775 4776 4784 4792 4806 4824 4825 4844 4651 4677 4678 4674 4684 4739 4977 4983 4334 4335 4337 4340 4376 4389 4431 4436 4433 4212 4217 4229 4231 4240 4236 4239 4246 4254 4259 4275 4276 4295 4327 4095 4107 4132 4134 4139 4141 4149 4161 4192 4193 4205 4207 3951 3950 3954 3956 3960 3965 3971 3990 3996 4008 4010 4020 4021 4028 4034 4042 4046 4054 4055 4056 4061 4058 4059 4067 4082 4088 3844 3852 3858 3867 3874 3875 3880 3884 3890 3886 3888 3895 3903 3919 3927 3931 3720 3735 3737 3745 3750 3769 3770 3777 3788 3796 3820 3822 3826 3616 3626 3651 3683 5395 5404
6 1 94
6
0 1 438 1699 1702 1714 1780 1777 1567 1566 1584 1591 1595 1593 1610 1613 1618 1635 1647 1659 1694 1429 1431 1434 1446 1458 1466 1467 1469 1464 1477 1478 1488 1489 1535 1538 1551 1557 1313 1315 1316 1319 1331 1337 1339 1350 1359 1377 1384 1392 1402 1403 1404 1413 1416 1418 1151 1159 1176 1182 1192 1231 1246 1252 1253 1290 1077 1080 1085 1096 1124 1126 1127 1128 934 980 208 210 221 229 248 252 255 258 261 284 292 297 306 310 317 331 5396 5404
7 1 105
7
0 1 670 2301 2332 2480 2486 2567 2594 2807 2981 2988 3002 3080 3081 3100 3119 3123 3148 2896 2903 2953 3040 3041 3048 3055 3067 3073 3087 3108 3121 3122 3138 3147 1976 1828 1832 1841 1865 1866 1919 1926 1697 1735 1783 1800 1804 1560 1613 1617 1638 1641 1647 1436 1446 1450 1453 1469 1488 1494 1542 1557 1301 1326 1332 1339 1366 1364 1378 1416 1418 1421 1151 1154 1164 1166 1168 1174 1176 1181 1192 1217 1227 1235 1241 1246 1247 1249 1279 1085 1128 466 624 231 247 258 277 284 282 296 295 318 210 5396 5404
8 1 149
8
0 1 1786 1792 1794 1795 1798 1803 1811 1821 1831 1836 1842 1839 1857 1950 2041 2387 2411 2230 2292 2332 2346 4110 4137 4151 4148 4153 4159 4162 4201 4256 4270 4274 4305 4340 4341 4359 4357 4358 4376 4415 4426 4446 4451 4453 4467 4479 4485 4499 4505 4519 4524 4531 4540 4545 4559 4560 4563 4565 4571 4573 3986 4062 4071 4080 4083 4086 3841 3870 3874 3881 3905 3918 3446 3459 3483 3492 3523 3528 3544 3575 3605 3652 3670 3678 3684 3736 3752 3763 3550 3601 3679 3412 3429 3457 3481 3487 3497 3520 3527 3164 3058 3087 3114 3115 3119 3126 3138 3143 3147 2936 3170 3172 3202 3203 3214 3236 3261 3289 3295 3298 3296 3303 3324 3336 3342 3364 3367 3386 3389 3395 3173 3175 3199 3206 3218 3224 3238 3254 3269 2977 3011 3030 2703 2752 2763 5396 5404
9 1 165
9
0 1 3163 3164 3170 3172 3173 3181 3197 3194 3205 3206 3207 3211 3218 3236 3237 3248 3247 3260 3262 3269 3274 3289 3297 3298 3303 3301 3324 3336 3342 3343 3370 3388 3389 3395 3702 3704 3705 3734 3744 3775 3785 3790 3814 3819 3823 4135 4159 4179 4191 4196 4225 4254 4286 4317 3841 3855 3893 3409 3433 3459 3472 3473 3480 3481 3487 3483 3503 3505 3506 3510 3530 3527 3553 3611 3613 3634 3644 3651 3655 3684 3951 3955 3961 3963 3971 3969 3984 3993 3998 4001 4002 4010 4038 4046 4047 4057 4066 4067 4071 4074 4076 4077 4083 4088 3840 3850 3851 3858 3874 3881 3884 3890 3920 3940 3946 3947 4452 4456 4467 4475 4488 4493 4512 4515 4559 4563 4610 4622 4637 4256 4276 4326 4328 4341 4347 4349 4376 4386 4399 4408 4415 4445 4451 4642 4655 4661 4667 4705 4729 4733 4739 4774 4792 4797 4824 4853 4854 4866 4867 4888 4905 5396 5404
10 1 75
10
0 1 2904 2905 2750 2763 3013 3058 3119 3164 3237 3380 3378 3427 3431 3457 3461 3487 3851 3857 4071 4095 4173 4949 4952 5000 5027 5033 5137 5160 3550 3582 3605 3634 3730 3727 3785 4358 4376 4482 4559 4631 4679 1857 1865 1706 1786 1817 1294 1404 1163 1256 1048 1112 258 266 269 278 422 1431 1521 1536 1613 1617 1618 1942 2033 2085 2332 1354 944 218 224 5396 5404
11 1 114
11
0 1 668 873 926 1034 1147 1429 1488 1507 1544 1548 1855 1916 1926 1927 2868 2894 2806 2807 2577 2620 2970 3071 5103 5018 5026 5037 4099 4134 4147 4159 4167 4166 4195 4201 4207 3702 3819 3595 3604 3670 3457 3461 3487 3497 3874 3918 4011 4022 4068 4084 4376 4380 4506 4559 4571 4853 4867 4884 4892 4948 4831 4729 4545 4210 4250 3843 3929 3823 3378 3381 3394 3206 3223 2210 2240 2300 2314 2354 2058 2075 2109 2124 2199 1718 1741 1780 1803 1574 1589 1613 1628 1639 1159 1270 1282 1290 1317 1322 1331 1332 1336 1356 1403 518 362 421 422 428 233 236 5396 5404
12 1 97
12
0 1 746 756 591 625 648 2057 1563 1574 1586 1608 1613 1688 2619 2733 2865 2908 2954 3468 4168 4476 4816 4867 4864 4874 4910 4969 5001 5002 5016 5026 5025 5044 5062 5082 3276 4359 4360 4357 4387 4467 4530 4569 4568 3965 4001 4042 3840 3881 3725 3837 3550 3580 3067 3081 3083 3085 3118 3130 2237 2239 2277 2301 1829 1866 1874 1917 1729 1368 1404 235 241 244 268 296 295 336 357 362 1151 1159 1227 1084 1458 1495 1514 1544 1552 1406 1416 519 531 210 229 5396 5404
13 1 38
13
0 1 523 5356 5001 5091 5130 2537 2651 2674 2792 2961 1908 1917 2328 1617 1168 1176 1216 1246 1514 1569 1613 1659 1708 1729 1785 1087 1128 244 248 255 296 306 313 624 5396 5404
14 1 115
14
0 1 477 2079 2600 3491 3306 3327 3746 3856 3988 4006 4125 4286 4376 4377 4452 4600 4905 4909 4926 4937 4947 4954 3164 3067 2903 2935 2452 2509 1935 1950 1832 1834 1848 1866 1895 1898 1714 1753 1756 1758 1780 1794 1798 1801 1802 1560 1567 1591 1606 1613 1617 1625 1627 1628 1632 1645 1647 1656 1667 1694 1431 1436 1456 1453 1471 1479 1487 1507 1519 1525 1534 1294 1315 1332 1354 1359 1375 1371 1384 1396 1405 1420 1168 1188 1212 1223 1240 1260 1266 1273 1280 1045 1063 1085 1104 1121 1120 968 983 1031 817 873 728 748 336 356 427 231 248 258 285 5396 5404
15 1 103
15
0 1 921 873 4730 4602 4466 4494 4982 5002 5010 5024 5021 4866 4884 4932 4943 4969 4822 4237 4006 4063 4086 3857 3878 3919 3724 3762 3327 3375 3495 3517 3518 3067 3083 1719 1736 1566 1610 1613 1645 1647 1667 1444 1441 1458 1464 1489 1511 1520 1535 1534 1553 1557 1551 1297 1330 1331 1354 1159 1169 1182 1188 1206 1207 1215 1230 1240 1245 1250 1258 1301 1316 1339 1359 1371 1399 1406 231 258 282 318 325 1067 1078 1079 1085 1087 1090 1099 1101 1711 1726 1836 1842 1866 1901 1909 2664 356 419 5396 5404
16 1 55
16
0 1 1165 1286 1073 1101 1142 2997 2925 3224 4415 4854 4910 4782 4844 4641 5062 5095 5002 5006 5038 3940 3814 3655 3394 1838 1841 1857 1908 1428 1436 1458 1519 1557 218 229 231 258 266 331 336 366 999 1012 1013 1564 1571 1574 1613 1811 1814 1354 1359 5396 5404
17 1 54
17
0 1 670 331 357 231 241 258 292 817 1234 1258 1388 1431 1544 3410 3440 2930 2935 2945 1833 1859 1866 1927 3000 3150 4158 4452 4487 4944 4967 5047 5062 5108 5204 5144 5316 5212 5215 4291 3583 3612 3736 3773 1722 1574 1613 1671 1012 873 510 218 5396 5404
18 1 29
18
0 1 944 908 1158 1248 1087 1942 1949 3437 3607 3625 3721 4679 4706 4721 4763 4926 4948 5011 5025 5032 5036 5067 5102 301 652 5396 5404
19 1 51
19
0 1 5064 5083 5091 5098 5103 5106 5107 4761 4766 4774 4796 4816 4824 4827 4866 4874 4903 4904 4905 4912 4928 4937 4954 4959 4967 4574 4584 4602 4609 4610 4631 4695 4701 4707 4723 4733 4739 4734 4741 4743 4990 5001 5003 5007 5017 5026 5028 5396 5404
20 1 27
20
0 1 258 266 1399 1766 1829 4951 4954 3418 3463 3126 2941 1045 1067 1079 1098 1099 1110 1476 1532 1534 1573 1638 1641 5396 5404
21 1 15
21
0 1 1303 1395 1718 1848 1856 1910 3143 4376 5245 1071 1112 5396 5404
22 1 8
22
0 1 1163 4867 5247 1403 5396 5404
23 1 8
23
0 1 5027 5032 5095 5126 5396 5404
24 1 22
24
0 1 944 895 908 4679 4697 4713 4721 4753 3727 3737 3442 1942 1949 1087 1158 1248 1268 652 5396 5404
25 1 10
25
0 1 5339 5341 5343 5348 5176 5130 5396 5404
