34
0 2 47
0 48
0 493 568 134 6 8 76 65 66 82 86 98 235 300 317 315 314 328 330 349 335 336 337 342 378 377 433 453 461 467 497 511 502 525 523 520 532 529 545 541 540 534 533 562 561 560 576
1 2 38
2 39
0 493 566 548 549 550 552 542 545 502 495 515 519 533 392 389 445 366 358 313 309 305 290 293 277 278 246 193 156 125 107 6 46 67 575 560 561 576
2 2 38
32 4
0 565 507 523 520 519 518 517 533 535 536 537 335 360 363 439 457 464 425 179 176 225 224 244 261 301 298 312 311 272 561 560 575 9 6 3 108 576
3 2 37
25 5
0 490 479 527 529 570 551 552 534 518 517 515 458 426 389 364 349 331 312 315 317 231 176 185 556 557 558 561 560 81 78 112 119 130 134 156 576
4 2 25
55 7
0 492 493 565 566 570 561 556 184 128 130 122 125 114 101 102 86 447 463 533 550 531 523 502 576
5 2 40
40 8
0 465 453 433 428 374 365 351 535 534 516 518 520 523 532 530 566 560 561 271 261 243 206 213 203 215 216 201 197 196 189 195 177 157 130 91 78 12 42 576
6 2 33
9 22
0 493 571 573 546 542 531 502 515 517 487 467 459 454 449 423 414 340 341 301 307 252 223 232 194 213 556 561 560 65 67 105 576
7 1 22
10
0 473 488 454 439 298 246 243 250 297 292 291 288 328 347 77 561 560 529 523 492 576
8 2 31
13 14
0 493 541 572 560 561 201 205 206 207 194 243 323 359 355 382 444 440 158 161 9 390 515 497 501 508 506 473 474 476 576
9 2 28
3 15
0 476 490 522 511 459 370 376 385 434 444 343 348 287 242 193 206 160 108 9 15 47 61 67 82 102 561 576
10 2 40
16 29
0 473 467 130 111 96 99 86 90 8 60 252 210 197 184 556 560 561 562 303 317 315 340 417 418 432 453 458 460 495 515 516 518 521 523 545 552 571 564 576
11 2 41
17 11
0 502 525 523 542 541 572 560 558 561 562 392 390 389 386 385 383 444 358 342 343 345 347 312 298 225 223 222 221 130 100 96 5 454 422 423 431 468 482 474 576
12 1 52
18
0 477 492 493 506 508 511 513 498 497 495 467 459 456 455 453 417 382 363 357 369 371 533 520 521 531 529 528 560 561 556 67 76 61 9 6 163 156 132 216 195 190 260 299 302 306 289 271 312 324 345 576
13 2 32
19 59
0 490 491 492 564 568 523 517 516 515 513 510 232 209 246 245 253 290 561 557 70 87 81 80 96 1 118 416 424 463 481 576
14 2 38
21 6
0 481 483 449 453 460 430 158 130 87 70 63 8 36 53 575 560 561 199 214 216 305 306 312 323 297 343 357 355 389 516 520 523 529 527 564 492 576
15 2 33
51 23
0 492 510 498 515 520 523 525 542 552 537 536 369 365 322 296 290 560 561 556 559 67 72 62 45 44 8 7 1 107 133 166 576
16 2 42
26 31
0 479 482 467 486 461 443 455 363 359 360 340 298 317 313 327 370 533 515 497 512 62 64 66 130 158 149 196 246 253 561 560 523 544 542 541 568 567 493 492 490 576
17 1 37
34
0 476 504 493 564 529 531 523 519 518 516 515 533 534 536 538 540 541 542 550 560 561 306 304 291 301 298 323 419 444 231 226 154 134 163 8 576
18 2 32
58 35
0 492 493 511 37 43 48 6 88 97 132 125 554 561 560 379 365 360 340 326 533 541 543 544 523 518 516 400 460 465 482 576
19 2 28
42 36
0 493 529 523 520 517 533 426 460 440 453 366 293 295 297 212 184 556 561 85 114 121 107 77 48 57 41 576
20 2 28
37 30
0 550 560 561 330 350 332 347 342 444 376 391 460 458 207 223 222 234 235 184 178 151 146 132 73 8 9 576
21 1 37
38
0 469 160 108 82 34 574 560 561 557 556 555 168 170 171 180 191 204 201 223 263 272 328 338 365 515 520 521 532 531 552 550 547 573 566 564 576
22 2 42
33 43
0 564 550 548 571 560 561 556 216 180 172 176 243 299 300 305 307 326 329 369 370 533 516 517 518 523 532 531 527 506 510 514 467 460 454 155 139 161 131 81 11 576
23 2 37
28 44
0 504 492 566 541 542 531 523 521 520 518 516 461 454 453 432 428 355 343 298 300 301 313 561 558 575 41 63 77 96 97 83 126 125 123 122 576
24 1 49
45
0 480 482 467 425 437 438 439 441 455 454 406 338 359 366 353 328 326 311 312 324 318 263 249 250 251 243 282 283 271 306 15 41 66 62 108 126 557 558 561 560 529 531 523 519 513 511 492 576
25 2 41
41 46
0 492 566 527 530 532 523 519 517 539 541 560 561 558 556 136 156 125 116 82 81 46 47 212 278 272 295 305 308 332 347 338 323 357 386 385 405 412 497 467 576
26 2 34
20 47
0 491 492 493 566 567 571 560 561 557 575 36 62 90 260 250 234 523 551 538 537 349 323 297 361 419 456 457 427 495 501 470 476 576
27 1 50
49
0 474 484 467 487 459 426 400 403 413 406 433 379 357 345 347 350 533 536 537 541 529 530 523 521 520 518 498 510 502 492 493 560 561 288 305 251 243 244 189 142 108 78 62 65 66 67 53 575 576
28 2 30
1 50
0 477 476 492 493 529 523 518 516 515 534 356 421 422 513 497 466 482 206 261 295 293 561 556 42 44 98 107 161 576
29 1 47
52
0 491 502 501 500 525 523 520 519 156 160 131 125 8 43 42 40 66 64 72 85 100 561 546 542 537 536 534 332 343 342 341 297 363 368 389 377 445 413 416 431 457 458 466 473 476 576
30 2 40
27 53
0 493 565 544 520 575 16 43 67 70 100 104 92 4 163 561 555 554 250 262 298 322 313 330 369 387 383 445 450 454 420 423 428 498 511 507 503 504 506 576
31 2 35
12 54
0 478 502 501 461 453 444 400 533 307 305 300 298 281 251 154 45 62 74 67 575 574 560 561 573 546 541 542 545 531 521 523 493 490 576
32 1 31
56
0 503 498 495 486 443 380 354 367 369 331 345 297 313 541 530 522 564 566 571 560 561 54 48 77 83 184 216 215 204 576
33 2 35
24 57
0 531 529 502 513 467 426 429 461 456 454 444 385 377 381 357 369 534 324 297 265 249 152 34 32 8 72 83 86 130 128 557 561 560 576
