49
0 1 31
26
0 550 548 546 542 540 543 537 534 530 563 262 269 267 345 306 313 314 322 326 331 334 340 341 303 300 299 295 286 261 582
1 1 21
35
0 552 561 564 565 530 327 326 319 318 317 334 309 339 306 305 343 300 267 280 582
2 1 27
16
0 570 569 559 544 537 534 530 529 326 324 322 321 320 318 317 314 333 335 309 306 345 303 302 300 296 582
3 1 27
42
0 571 560 534 537 539 541 542 544 262 345 303 305 340 337 333 314 316 317 318 320 322 324 326 328 329 582
4 1 38
24
0 558 563 536 549 539 537 535 393 331 332 333 334 305 304 303 302 267 269 266 268 274 276 278 296 300 343 342 340 337 313 314 316 317 318 320 328 582
5 2 31
65 7
0 573 561 565 534 537 327 325 314 332 333 307 305 303 301 300 343 345 268 270 274 277 42 47 61 66 68 76 32 1 582
6 2 45
17 29
0 558 560 562 565 566 534 536 535 537 544 546 554 262 273 280 282 292 301 303 305 306 308 310 311 312 313 314 315 316 318 319 321 322 327 330 334 335 337 340 342 343 345 573 582
7 1 37
36
0 573 572 570 569 557 560 561 567 536 535 537 541 543 544 546 552 262 345 306 305 303 302 301 342 341 337 334 333 313 314 318 320 322 328 329 582
8 1 38
79
0 61 573 571 569 561 565 536 540 547 551 553 555 554 544 535 530 532 513 144 142 206 458 420 407 346 317 316 315 313 340 343 297 386 319 321 326 582
9 1 38
43
0 574 573 557 552 544 538 534 535 330 328 327 326 323 321 320 318 316 314 332 333 309 337 340 343 262 267 268 277 285 286 293 295 296 300 302 303 582
10 1 43
40
0 94 121 133 173 186 190 189 465 463 461 457 455 454 449 440 478 475 477 481 485 488 494 495 153 232 229 423 426 418 371 375 380 383 386 346 394 396 398 401 402 415 582
11 2 43
76 94
0 94 559 569 538 482 480 443 448 452 454 457 459 464 500 152 156 167 170 177 182 197 206 227 345 302 301 305 308 331 315 316 357 399 328 327 270 278 61 57 54 74 582
12 2 40
64 52
0 124 115 112 504 502 463 461 454 451 443 438 398 401 333 338 318 320 324 326 327 329 478 473 186 184 175 170 207 211 213 215 217 219 243 192 550 536 530 582
13 2 43
73 22
0 575 570 569 559 565 535 539 549 530 492 393 330 329 326 324 322 323 320 319 318 314 312 333 334 336 339 306 304 303 302 301 300 267 292 309 332 331 414 232 457 453 582
14 2 56
83 86
0 575 571 570 557 562 534 535 537 548 527 489 490 496 498 497 503 191 198 208 213 455 451 440 480 477 395 399 407 408 346 331 332 333 336 307 306 305 304 302 345 267 427 321 322 325 328 318 316 59 63 31 34 44 24 582
15 2 49
98 30
0 127 118 151 153 186 184 175 463 465 461 459 458 456 454 453 451 449 434 428 372 386 365 345 343 337 333 332 312 314 316 318 321 322 415 226 502 498 497 492 487 476 534 536 544 557 559 54 582
16 2 47
8 46
0 101 555 551 544 539 537 534 530 529 484 491 492 495 497 503 190 192 194 454 444 395 396 407 393 321 317 315 314 313 332 303 301 299 276 271 267 266 268 248 170 178 120 478 434 574 582
17 1 48
19
0 101 96 95 112 115 124 172 175 182 190 192 194 201 461 457 453 451 444 435 434 431 429 426 422 418 375 376 377 390 394 396 403 405 480 478 476 479 473 484 487 488 490 493 495 496 498 582
18 2 44
96 58
0 100 101 550 112 123 131 135 167 171 173 202 199 191 189 190 418 422 423 429 397 401 406 390 380 457 456 449 447 476 475 504 499 497 221 217 251 51 37 5 6 21 19 582
19 2 43
14 31
0 576 575 574 572 557 559 560 555 553 551 544 539 536 534 530 529 568 393 328 318 316 312 311 310 309 335 334 340 306 305 344 301 263 267 271 273 268 262 278 290 296 582
20 2 44
84 77
0 576 575 572 543 535 488 494 481 444 458 460 415 413 403 398 394 347 332 314 316 318 320 322 324 336 338 342 345 303 302 378 431 278 170 74 67 58 54 51 49 36 31 582
21 2 44
48 54
0 104 100 114 115 117 127 133 165 167 170 179 186 148 156 189 191 197 234 418 420 427 438 392 389 383 374 465 467 469 472 479 484 491 501 142 207 451 448 446 445 401 403 582
22 1 35
78
0 579 575 573 536 535 487 503 370 264 268 301 342 334 333 332 331 314 320 322 325 326 327 329 394 399 415 430 431 434 172 170 61 53 582
23 2 47
9 87
0 78 77 573 574 577 560 564 540 444 449 458 461 466 474 186 173 206 216 215 241 410 411 403 401 331 314 312 310 308 307 338 320 324 325 327 430 154 127 279 297 66 53 48 38 32 582
24 2 29
10 15
0 78 77 506 520 525 526 187 224 310 72 69 65 61 57 58 54 64 75 32 39 41 42 44 45 47 17 21 582
25 3 19
32 23 39
0 78 77 513 525 474 178 54 62 61 63 70 38 41 44 46 48 17 582
26 2 47
41 50
0 78 555 552 544 536 537 535 530 560 143 131 175 188 465 467 476 440 434 432 430 431 426 424 422 420 423 372 382 397 410 413 344 297 296 314 318 324 329 494 500 503 61 53 54 27 582
27 2 21
44 55
0 78 77 513 517 519 526 528 162 202 268 72 61 59 57 54 52 50 36 35 582
28 3 39
56 66 60
0 78 77 569 561 567 536 538 540 541 537 546 153 465 449 347 331 335 336 341 345 301 300 267 279 287 293 292 175 130 125 329 320 319 70 58 55 40 582
29 2 26
82 67
0 78 77 559 546 540 537 535 490 479 394 402 431 451 513 517 213 284 275 303 337 334 317 318 54 582
30 2 40
90 93
0 78 77 573 572 570 559 550 546 567 520 462 469 460 458 456 454 453 192 202 154 377 365 345 301 305 306 308 337 312 395 399 323 326 328 295 61 60 50 582
31 3 42
97 47 95
0 78 77 557 561 534 538 544 543 535 488 494 464 479 426 371 387 353 332 336 341 342 305 302 300 296 213 142 112 119 329 318 317 48 46 47 43 38 51 53 69 582
32 2 42
89 74
0 89 556 559 534 535 530 495 507 513 186 190 191 456 457 449 394 434 432 371 389 314 316 318 337 340 341 295 296 279 287 278 284 170 469 78 77 76 44 2 26 582
33 2 43
51 85
0 107 555 550 544 536 537 535 562 559 573 569 576 112 114 118 147 151 161 210 224 190 193 502 492 488 478 476 451 454 397 398 333 314 316 318 322 305 301 267 513 64 582
34 3 52
33 75 91
0 106 104 100 561 565 534 535 537 488 480 476 477 467 461 459 457 189 193 195 231 229 212 173 127 124 156 427 436 438 394 401 406 412 415 376 379 380 347 314 324 326 440 295 287 76 62 61 54 52 77 582
35 2 42
88 53
0 88 89 94 100 572 537 534 486 492 440 442 449 453 455 456 459 463 473 479 396 402 406 407 409 377 386 388 333 337 304 362 316 320 330 433 253 169 129 140 55 582
36 2 29
1 45
0 581 573 569 551 544 542 540 536 534 329 327 323 322 321 320 318 317 315 314 331 332 333 334 309 340 345 271 582
37 1 40
61
0 109 101 90 128 141 170 173 175 179 189 193 192 194 232 422 428 432 401 402 405 413 415 370 371 453 449 447 481 477 475 473 471 500 497 493 491 487 347 582
38 2 39
11 71
0 80 581 572 559 561 534 535 544 531 393 320 319 316 314 313 312 310 309 308 306 343 345 303 300 262 264 273 284 298 334 332 327 328 78 77 47 39 582
39 2 16
2 20
0 81 77 78 135 39 38 34 74 66 62 55 54 19 1 582
40 2 29
34 28
0 82 80 77 78 540 528 524 525 521 518 514 162 166 75 73 70 68 67 64 61 58 45 44 31 22 19 6 582
41 1 47
68
0 82 77 78 79 542 537 535 534 484 492 496 497 469 479 436 428 426 456 190 175 214 415 399 346 331 333 334 337 307 342 344 303 314 316 317 318 322 328 329 74 36 41 52 54 57 582
42 2 38
25 5
0 86 88 89 90 95 97 96 100 103 110 173 204 221 224 370 382 390 346 357 360 394 397 399 402 406 413 439 440 442 453 426 498 495 487 336 78 582
43 6 51
0 69 37 38 6 59
0 86 87 110 104 102 94 147 148 505 503 497 495 494 496 487 481 479 478 473 440 444 449 439 438 431 396 401 346 347 349 355 359 365 262 300 380 257 189 228 182 173 170 160 156 133 132 125 393 321 582
44 1 42
80
0 86 88 90 557 561 565 534 537 544 570 507 513 527 528 487 489 491 493 497 502 190 454 395 314 318 324 328 344 271 296 257 165 156 78 77 71 69 58 55 36 582
45 4 44
81 13 21 49
0 86 558 534 535 530 529 520 511 509 506 152 469 478 445 449 459 461 230 213 278 302 305 307 336 311 316 346 393 322 321 327 328 402 406 430 428 78 77 76 1 44 48 582
46 5 17
12 18 57 62 63
0 83 82 80 77 78 522 330 55 54 12 41 38 74 67 1 582
47 3 50
72 27 4
0 84 88 556 534 488 490 489 495 502 504 465 472 476 483 440 447 456 461 235 191 192 186 175 163 131 133 137 151 222 216 215 208 205 415 412 411 408 406 404 401 396 394 436 428 389 388 333 355 582
48 3 50
3 92 70
0 84 86 557 113 148 504 497 492 487 484 449 457 418 422 430 432 431 429 396 403 415 370 383 387 346 332 305 231 219 215 213 211 170 169 181 182 188 191 197 469 471 510 127 530 72 60 46 78 582
